tree
version=v4
num_class=1
num_tree_per_iteration=1
label_index=0
max_feature_idx=13
objective=lambdarank
feature_names=retrieval_score user_total_events user_views user_cart_adds user_transactions user_days_since_last_event item_total_events item_views item_cart_adds item_transactions item_unique_users item_conversion_rate item_days_since_last_event category_id
feature_infos=[6.6500656977636075e-13:2.5808079242706299] [1:392] [0:375] [0:75] [0:36] [0:15.606331261574073] [1:350] [0:330] [0:25] [0:10] [1:195] [0:2] [0:15.49478648148148] [-1:1694]
tree_sizes=3522 3490 3505 3499 3511 3496 3514 3538 3498 3532 3533 3501 3502 3515 3497 3513 3515 3516 3497 3503 3511 3514 3513 3512

Tree=0
num_leaves=31
num_cat=0
split_feature=0 12 11 1 5 6 0 6 1 0 11 12 5 3 10 0 1 0 2 0 11 11 5 0 1 0 10 5 5 10
split_gain=227.999 111.172 53.9009 50.1703 46.4668 31.8706 31.4182 28.9298 36.0609 65.1628 20.2068 15.18 27.8536 15.2161 14.0282 13.0249 37.7863 12.4281 18.7866 14.2835 12.5877 11.5902 11.463 11.02 10.8841 10.8625 10.8411 9.72141 9.61174 17.1931
threshold=0.15756948292255404 1.889183570601852 0.036375661375661381 39.500000000000007 3.7726685011574079 41.500000000000007 0.62914088368415844 46.500000000000007 6.5000000000000009 0.030859944410622123 0.053342816500711245 0.16550061921296297 0.19336350115740744 1.0000000180025095e-35 2.5000000000000004 0.050116922706365592 2.5000000000000004 0.0067740185186266908 5.5000000000000009 0.032129399478435523 0.052088985349972874 0.018693221523410204 2.947351550925926 0.0019386638887226584 3.5000000000000004 0.00086680831736885022 11.500000000000002 0.22520244791666669 0.17179481481481484 9.5000000000000018
decision_type=2 2 2 2 2 2 2 2 2 2 2 2 2 2 2 2 2 2 2 2 2 2 2 2 2 2 2 2 2 2
left_child=1 2 7 -2 -3 17 -5 11 9 21 14 13 -13 28 -6 -7 -17 25 19 20 26 -9 -14 -16 -11 -4 -19 -15 -1 -30
right_child=3 4 5 6 10 15 -8 8 -10 24 -12 12 22 27 23 16 -18 18 -20 -21 -22 -23 -24 -25 -26 -27 -28 -29 29 -31
leaf_value=0.061102740304157771 0.078715931744954115 -0.084566002694197784 0.0052520445111260616 -0.026012754741653127 -0.10000000000000001 -0.097110138414576164 0.063040546786344506 -0.060555669517022473 -0.08065770790505547 0.071548909783043221 -0.072037646771481875 -0.050981777702743494 0.027370335802574877 0.0179067408439617 0.052863935476005236 0.087405560344351915 -0.096521971697604791 -0.099999999999999728 -0.037680880661856361 0.051122998011796629 -0.029540437632124928 -0.0044756268507639071 -0.0040370509669434068 -0.01028654625213337 0.0001619278847455627 -0.080280380982111474 0.055808670686453836 -0.099999999999999978 -0.032525919337684207 0.038442370692462757
leaf_weight=29.860809370089555 93.802012450440088 66.71487118996447 5.3820722111267996 23.140873211144935 3.2827219981409135 20.451128933287691 17.315025816875277 27.084723948297324 17.433821747792535 23.344739422609567 14.010293917905072 18.200167715956923 75.588553675595904 3.6467594239511518 9.8001050489838217 4.3040979580255208 7.9506953522213735 1.2670081302640053 30.316120089933975 16.025353565084515 20.777603470676695 13.963094057893612 47.188224935554899 23.411030983028468 6.9228473346738602 11.962662371777695 9.3937244185362925 3.3579633761255536 10.266772464849053 50.573319634684594
leaf_count=2480 2168 31944 18767 2380 4091 19208 781 25424 5885 868 9877 5872 15920 417 6934 89 1494 426 5267 957 4363 8254 20072 5248 801 6475 713 1115 5451 11759
internal_value=-9.46549e-10 -0.0137529 -0.0025726 0.0586431 -0.0571759 -0.0301073 0.0121018 0.00817704 -0.0161961 -0.000437711 -0.0209941 0.0172397 0.00674228 0.0323861 -0.00139801 -0.0726849 -0.0319234 -0.0154682 -0.00693371 0.0127052 -0.00687788 -0.0414791 0.0152992 0.00834821 0.0552212 -0.0537397 0.0372911 -0.0386161 0.0378695 0.0264665
internal_weight=706.739 572.481 455.262 134.258 117.219 127.83 40.4559 327.432 88.7492 71.3154 50.5042 238.683 140.977 97.7056 36.4939 32.7059 12.2548 95.1245 77.7798 47.4637 31.4383 41.0478 122.777 33.2111 30.2676 17.3447 10.6607 7.00472 90.7009 60.8401
internal_count=225500 220171 162077 5329 58094 57759 3161 104318 41232 35347 26150 63086 41864 21222 16273 20791 1583 36968 11726 6459 5502 33678 35992 12182 1669 25242 1139 1532 19690 17210
is_linear=0
shrinkage=0.05


Tree=1
num_leaves=31
num_cat=0
split_feature=0 12 0 2 8 2 8 5 2 6 6 10 6 4 12 6 12 12 10 2 10 6 8 0 5 12 6 0 6 0
split_gain=361.092 133.591 80.6783 188.89 111.276 78.0609 67.0428 63.6261 56.0988 52.3664 44.3324 61.0345 55.719 42.8013 41.1126 40.643 36.9455 30.319 28.4487 24.8911 30.6886 31.8714 26.168 33.6393 24.2037 23.9324 22.9121 22.7535 22.6404 21.4247
threshold=0.36844493448734289 1.889183570601852 0.05597044155001641 6.5000000000000009 1.0000000180025095e-35 15.500000000000002 3.5000000000000004 2.5435578182870375 68.000000000000014 29.500000000000004 18.500000000000004 7.5000000000000009 5.5000000000000009 1.0000000180025095e-35 1.0808043055555558 45.500000000000007 0.29589002893518523 0.067754571759259266 34.500000000000007 5.5000000000000009 13.500000000000002 24.500000000000004 2.5000000000000004 0.020858224481344226 1.9970732986111115 0.33108068287037046 12.500000000000002 0.11002174019813539 100.50000000000001 0.00309092621318996
decision_type=2 2 2 2 2 2 2 2 2 2 2 2 2 2 2 2 2 2 2 2 2 2 2 2 2 2 2 2 2 2
left_child=1 2 6 13 14 18 10 -3 -2 -7 12 -12 -1 27 15 -5 -10 -15 -6 20 21 -13 -22 -24 -14 -25 29 28 -4 -26
right_child=8 7 3 4 5 9 -8 -9 16 -11 11 19 24 17 -16 -17 -18 -19 -20 -21 22 -23 23 25 26 -27 -28 -29 -30 -31
leaf_value=-0.082816632688919659 0.074705060909576682 -0.074519846062688841 0.04307812117308233 0.042875788224920018 0.013732610460380761 -0.01898766516665229 -0.043499175083625066 -0.02111072303002591 0.047319057707710145 -0.084885791441699623 -0.091863450895136242 -0.010947022665533896 0.02302406757449732 0.034160594932809908 -0.091922055031612313 -0.069850496257905098 -0.053484545822358689 -0.098137869127189345 -0.065999919580967598 -0.033718650080280653 0.0055995312914103052 -0.080019966635258885 -0.063419935263874447 0.03358408100252374 0.019566208013642023 -0.099228688164194945 0.012487670435604616 0.069302167950020449 -0.052193703733426161 -0.059756615996305495
leaf_weight=15.732653145445509 170.12723110720981 92.963505986961536 87.665986570063978 108.0631748822052 80.618497490126174 51.229123109020293 131.9461058845045 139.34943250729702 23.038738786272006 73.257503940723836 23.984785962500609 47.465037578716874 217.49115718575194 9.3721559448167699 6.8019567198352879 8.6349927784176526 15.012874129868576 8.0503993156598863 12.990069447841959 94.799833307974041 326.60186641936889 25.765983592835255 33.606530814897269 21.548242153832692 12.201084569096563 4.0255957520566872 62.935309956083074 116.96119151567109 6.7133924667723468 28.158016419969499
leaf_count=2521 559 28540 1069 1691 1993 2132 41585 30313 419 3463 10003 6462 12992 165 346 409 766 490 669 9189 35011 8037 10816 444 3969 223 7713 411 148 2952
internal_value=6.92015e-10 -0.00702923 -0.0019344 0.0131939 -0.0103532 -0.0318278 -0.0101814 -0.0424832 0.0624299 -0.0577672 -0.00537331 -0.0137756 0.00905337 0.0483551 0.0275699 0.0345347 0.00754803 -0.0269702 0.00266812 -0.0103938 -0.00557648 -0.03525 5.62926e-05 -0.0305355 0.0135591 0.0126779 -0.00636998 0.0545648 0.0363012 -0.0357763
internal_weight=2057.11 1848.93 1616.62 570.358 341.595 218.095 1046.26 232.313 208.179 124.487 914.316 577.798 336.518 228.763 123.5 116.698 38.0516 17.4226 93.6086 553.813 459.013 73.231 385.782 59.1804 320.786 25.5738 103.294 211.341 94.3794 40.3591
internal_count=225500 223756 164903 12986 10703 8257 151917 58853 1744 5595 110332 80185 30147 2283 2446 2100 1185 655 2662 70182 60993 14499 46494 11483 27626 667 14634 1628 1217 6921
is_linear=0
shrinkage=0.05


Tree=2
num_leaves=31
num_cat=0
split_feature=0 2 0 1 11 1 8 6 0 6 10 2 6 11 2 3 3 1 10 6 11 11 1 11 8 6 11 11 10 8
split_gain=376.555 73.7523 69.5258 121.393 80.2956 63.7016 60.0121 48.4688 42.8342 43.4081 34.6561 27.0429 23.5286 30.9508 23.3993 21.5752 20.8549 19.5863 23.1005 19.4039 18.9249 18.4315 17.1664 17.1357 16.9398 29.6361 25.1362 16.9162 21.7752 16.4858
threshold=0.15756948292255404 16.500000000000004 0.032129399478435523 5.5000000000000009 0.065591397849462371 20.500000000000004 2.5000000000000004 12.500000000000002 0.36844493448734289 31.500000000000004 2.5000000000000004 68.000000000000014 38.500000000000007 1.0000000180025095e-35 11.500000000000002 1.5000000000000002 2.5000000000000004 2.5000000000000004 8.5000000000000018 62.500000000000007 0.10263157894736843 0.14642857142857144 19.500000000000004 0.033908045977011504 2.5000000000000004 22.500000000000004 0.15192307692307697 1.0000000180025095e-35 10.500000000000002 1.0000000180025095e-35
decision_type=2 2 2 2 2 2 2 2 2 2 2 2 2 2 2 2 2 2 2 2 2 2 2 2 2 2 2 2 2 2
left_child=1 2 4 17 6 -2 10 16 9 20 14 -10 15 -14 -1 21 29 18 -4 -12 -7 -5 27 -21 -6 26 -26 28 -9 -3
right_child=5 7 3 12 24 8 -8 22 11 -11 19 -13 13 -15 -16 -17 -18 -19 -20 23 -22 -23 -24 -25 25 -27 -28 -29 -30 -31
leaf_value=-0.088804998549694356 0.058078600083810029 0.0013143563479948099 -0.089709076272239827 -0.0039682617092270571 -0.069903318554227573 0.02277664283289256 -0.045364343488976493 -0.095718627035339995 0.048410135828936662 -0.067793159861727154 -0.0022048321138203285 0.0022100619310261487 -0.0065799026124760268 -0.093254485145478294 0.069708109388338754 -0.093951806474090932 0.048601833908355631 0.016857743524860348 0.048560738849010451 -0.07444351233850284 -0.094158702824930759 -0.092871378914507904 -0.076889301261468368 0.08454626203046689 0.03522577907173613 -0.074140332178955839 -0.094108107480581973 -0.090815231981057593 0.016644022808308675 -0.071814539733717722
leaf_weight=18.322586290072653 230.27466938295402 22.221385274082422 3.09574618237093 134.52335954736918 71.547919005970471 50.316536854952574 107.24375296325888 5.7006820766255286 116.57792753120884 22.596438548993319 700.10959824197926 43.490912975626998 18.522406331030652 23.201407008804381 2.667050681076943 7.6672044228762379 13.920192666817455 116.49073893250898 124.60538134165108 14.973286849912256 3.7155589270405462 6.0940675423480561 73.640779670327902 1.9110464835539467 18.262788958963942 20.427058642730117 4.7297022116836152 9.1815191828645748 17.697894148062915 11.798749981448053
leaf_count=12356 1051 1298 259 4916 24188 1244 48205 331 388 1252 82124 1185 973 2499 251 864 255 3214 1251 8597 209 525 6161 40 2837 13366 2877 1068 516 1200
internal_value=-3.25921e-10 -0.0118678 -0.00823965 0.00836328 -0.0157475 0.0393557 -0.0104149 -0.0446849 0.0211408 -0.00960079 -0.00533608 0.0358575 -0.0216077 -0.0547771 -0.0686635 -0.0122746 -0.00295301 0.031684 0.0452088 -0.0034822 0.0147355 -0.00782114 -0.0635196 -0.0564483 -0.054952 -0.0303147 0.00862097 -0.0333001 -0.0107313 -0.024048
internal_weight=2015.53 1548.56 1394.4 434.2 960.195 466.972 845.227 154.161 236.697 76.6285 737.984 160.069 190.008 41.7238 20.9896 148.285 47.9403 244.192 127.701 716.994 54.0321 140.617 106.221 16.8843 114.967 43.4195 22.9925 32.5801 23.3986 34.0201
internal_count=225500 220171 209342 14501 194841 5329 151573 10829 4278 2705 103368 1573 9777 3472 12607 6305 2753 4724 1510 90761 1453 5441 8076 8637 43268 19080 5714 1915 847 2498
is_linear=0
shrinkage=0.05


Tree=3
num_leaves=31
num_cat=0
split_feature=0 12 12 0 9 1 0 12 1 7 7 12 0 1 10 12 10 1 0 10 7 12 12 7 10 1 0 12 12 7
split_gain=286.306 84.3523 59.2243 54.4451 41.4468 52.0827 42.8571 41.3257 32.0044 23.3569 23.5848 22.8991 21.9506 24.4706 23.7468 21.8717 21.2504 18.23 65.3207 29.3896 31.8438 28.4967 22.7733 22.6927 21.063 20.94 18.4706 16.8912 16.449 16.0601
threshold=0.15756948292255404 1.889183570601852 1.309543275462963 0.0026067980797961359 1.5000000000000002 2.5000000000000004 0.069994281977415099 0.011661406250000001 34.500000000000007 29.500000000000004 26.500000000000004 0.071867945601851863 0.014395473524928095 15.500000000000002 9.5000000000000018 0.041165190972222231 2.5000000000000004 5.5000000000000009 0.032129399478435523 4.5000000000000009 16.500000000000004 0.056896637731481493 0.20382255208333336 64.500000000000014 4.5000000000000009 19.500000000000004 0.016977371647953991 3.9288842939814823 0.017583327546296299 15.500000000000002
decision_type=2 2 2 2 2 2 2 2 2 2 2 2 2 2 2 2 2 2 2 2 2 2 2 2 2 2 2 2 2 2
left_child=1 4 8 -3 7 6 29 12 -2 10 11 15 14 -14 -1 -7 -4 18 23 20 26 28 -23 24 -9 -21 -19 -5 -20 -6
right_child=2 3 16 27 5 9 -8 17 -10 -11 -12 -13 13 -15 -16 -17 -18 19 21 25 -22 22 -24 -25 -26 -27 -28 -29 -30 -31
leaf_value=0.054190413064394996 0.047005563190003298 0.010991655789875078 0.026047242399379191 -0.033547866620036781 0.030387057077657993 -0.093068117108222714 0.061365011823466278 -0.040731270914548832 0.017017314035140528 -0.086054127377820658 0.037021000978994877 -0.090447876689380244 0.057923072592415206 -0.089836258832225346 -0.04797351715437765 0.069330002968151949 -0.067457260934443763 -0.10130336774739118 0.045971871981447102 -0.015890238946649461 -0.093000636960594241 0.049426241791492367 0.010799578381059272 -0.070357394448393951 -0.0044554957166777157 -0.052027585149769323 0.030904065106386259 -0.065854724390538993 -0.090324717819468658 -0.037407968905952979
leaf_weight=9.3979933203663695 317.10558179218788 41.838024126831442 9.0274619413539785 68.035552621120587 10.894052756018935 3.2913455651141721 20.08522373624146 43.312168715056032 123.66892243421171 40.143321114825085 9.514187697786836 16.362170318840072 51.599963448243216 2.9629420810379079 14.407718629343433 5.6023119194433093 18.58753005892504 2.7661998891271642 3.0959448744542879 201.10002555261599 6.3075683768838635 86.038578783161938 68.569248992949724 14.595107977394944 525.69997333129868 50.067301661940292 58.770673508755863 99.815968313836493 7.7676119892857969 44.089844199130312
leaf_count=765 1642 32866 311 8607 2338 537 68 11240 2297 11593 637 3331 829 267 3771 164 1079 928 40 15156 738 940 1349 11549 66998 3680 1334 16621 310 23515
internal_value=-4.24188e-10 -0.0106176 0.0341415 -0.0400398 -0.0058588 -0.0305759 -0.00114219 -0.00262524 0.0385917 -0.0600709 -0.0300722 -0.055347 0.0324204 0.0498993 -0.00764135 0.00923006 -0.0368902 -0.00519663 -0.000933795 -0.0152063 0.0139941 0.026795 0.0322951 -0.00879579 -0.00721674 -0.0230938 0.0249611 -0.0527597 -0.0514823 -0.0239756
internal_weight=1974.52 1506.13 468.389 209.69 1296.44 149.982 75.0691 1146.46 440.775 74.9133 34.77 25.2558 78.3686 54.5629 23.8057 8.89366 27.615 1068.09 749.079 319.012 67.8444 165.471 154.608 583.607 569.012 251.167 61.5369 167.852 10.8636 54.9839
internal_count=225500 220171 5329 58094 162077 42183 25921 119894 3939 16262 4669 4032 5632 1096 4536 701 1390 114262 92426 21836 3000 2639 2289 89787 78238 18836 2262 25228 350 25853
is_linear=0
shrinkage=0.05


Tree=4
num_leaves=31
num_cat=0
split_feature=0 12 5 0 1 6 1 12 5 12 9 5 0 12 0 12 12 6 6 12 0 0 6 0 1 5 5 11 12 12
split_gain=234.697 88.9506 145.324 57.9767 83.7645 51.4232 43.0594 38.938 30.3847 32.1159 28.6582 25.5331 23.9673 23.4217 20.614 24.7811 21.8739 20.6388 20.2233 23.4934 19.9197 19.4433 19.5212 36.0934 30.9418 19.5557 19.2451 19.0221 18.4861 20.1214
threshold=0.17669875174760821 0.20382255208333336 0.21874364583333336 0.032129399478435523 8.5000000000000018 32.500000000000007 38.000000000000007 5.1429948437500004 0.23544839699074077 0.15306637731481484 1.5000000000000002 5.8252586689814825 0.36844493448734289 0.1387135763888889 0.0032265067566186194 0.55913795717592607 0.73342309027777797 26.500000000000004 12.500000000000002 0.22245962962962965 0.025124647654592994 0.003742062253877521 16.500000000000004 0.0074342135339975366 15.500000000000002 6.1040008969907413 0.68571533564814835 0.065591397849462371 0.82821393518518527 0.92659216435185199
decision_type=2 2 2 2 2 2 2 2 2 2 2 2 2 2 2 2 2 2 2 2 2 2 2 2 2 2 2 2 2 2
left_child=1 3 -3 8 -5 26 28 14 10 13 20 -9 18 -10 15 -4 -17 27 19 -8 -1 -16 25 -24 -25 -23 -6 -18 -2 -30
right_child=6 2 7 4 5 -7 12 11 9 -11 -12 -13 -14 -15 21 16 17 -19 -20 -21 -22 22 23 24 -26 -27 -28 -29 29 -31
leaf_value=0.020634073440663016 0.047952827127564192 -0.069471406158709254 -0.098456786639609897 0.037642861055068817 0.023578984126852862 -0.063520092779932591 0.074483075612939875 -0.078383246364786163 -0.024130429819502603 0.015218701589009429 -0.086668422850310067 -0.016233016656857301 0.020263490721276551 -0.09621140809316199 -0.098100408655227858 0.058927392245598099 0.019364640567296646 -0.069480036750670368 -0.067982901994905434 -0.092451501741248998 -0.07865398200377445 0.0079847175262708452 -0.06281477153514696 -0.0060592526300677465 -0.059931835261088834 -0.036349161340515107 -0.036156713396032485 -0.096515521642769761 -0.079123499172507855 0.026997339111021996
leaf_weight=116.40819418197498 265.18460134533234 126.10665706126019 4.832802948774769 216.08034679293633 54.073788200505078 37.493634853395633 6.7871551285497862 33.491404973436147 186.85623255709652 53.326914488920011 7.1509971742052576 32.622502565849572 89.863780739833601 11.993144912295973 6.4046931485645464 24.315984776942059 69.012586387456395 8.3723084847442788 16.428881334839389 3.0568888299167156 5.2807634174823752 174.24489405867644 39.648160201963037 248.87940643436741 29.849966757465154 29.015896298689768 17.961954620666802 3.7330126652959725 5.6998375002294805 20.648359353421256
leaf_count=7005 1124 22270 8492 3429 1060 3201 56 14259 45968 8374 3096 9492 1414 3602 1630 8948 17441 18943 1141 306 261 7833 5660 15300 2898 3675 1016 7200 77 329
internal_value=2.33719e-10 -0.00894496 -0.0200393 0.00409477 0.0195874 -0.0160326 0.0337278 -0.0111899 -0.00914495 -0.0192375 0.0106089 -0.0477165 0.00798184 -0.0284778 -0.00740664 0.0122563 0.017331 0.00486208 -0.0340262 0.0226446 0.0163254 -0.0115127 -0.0104495 -0.018178 -0.0118286 0.00165597 0.00868402 0.0134181 0.0439841 0.00404049
internal_weight=1944.83 1537.16 830.53 706.626 325.61 109.529 407.67 704.424 381.016 252.176 128.84 66.1139 116.137 198.849 638.31 110.267 105.434 81.1179 26.2729 9.84404 121.689 528.043 521.638 318.378 278.729 203.261 72.0357 72.7456 291.533 26.3482
internal_count=225500 221053 144041 77012 8706 5277 4447 121771 68306 57944 10362 23751 2917 49570 98020 61024 52532 43584 1503 362 7266 36996 35366 23858 18198 11508 2076 24641 1530 406
is_linear=0
shrinkage=0.05


Tree=5
num_leaves=31
num_cat=0
split_feature=12 5 12 11 5 10 5 8 7 10 11 13 7 6 1 2 10 7 5 10 12 5 11 12 5 12 11 7 7 10
split_gain=159.423 181.022 43.3457 35.54 25.9443 74.2379 22.6825 22.3299 17.3596 14.3933 16.7718 15.2591 17.4094 13.9818 26.678 13.6267 26.8739 26.5396 23.2267 19.9747 17.3181 20.0631 14.2056 13.5049 14.2024 25.0313 13.342 13.2045 13.1097 20.1349
threshold=0.68379934027777789 0.68571533564814835 1.889183570601852 0.042463036422646962 0.70434215856481497 9.5000000000000018 2.0255078472222228 5.5000000000000009 4.5000000000000009 8.5000000000000018 0.15192307692307697 3.5000000000000004 26.500000000000004 48.500000000000007 33.500000000000007 2.5000000000000004 6.5000000000000009 11.500000000000002 5.7712687789351866 4.5000000000000009 0.79113222800925931 0.91385976273148162 0.075046904315197019 0.66879237268518532 1.0388966203703707 0.19122133680555559 0.067682088868529569 9.5000000000000018 6.5000000000000009 7.5000000000000009
decision_type=2 2 2 2 2 2 2 2 2 2 2 2 2 2 2 2 2 2 2 2 2 2 2 2 2 2 2 2 2 2
left_child=4 -2 7 6 9 23 -4 8 -3 10 -1 -11 -13 -7 26 19 18 -18 -17 -10 21 -21 -19 24 25 -6 -15 -25 -22 -30
right_child=1 2 3 -5 5 13 -8 -9 15 11 -12 12 -14 14 -16 16 17 22 -20 20 28 -23 -24 27 -26 -27 -28 -29 29 -31
leaf_value=0.033243352611726194 -0.064096102415048525 -0.080073560329841253 -0.065527780349061912 -0.064209049497652868 -0.092695063257385107 0.0031276802093957966 -0.0030425842167650795 -0.077176693132229635 -0.092507732490386269 0.011586815145589742 -0.069080689517764457 -0.093839779004295423 0.075774354499877225 0.023711003973478487 -0.096408222293046755 0.050164006060392667 -0.094866447145108931 0.012842814608112957 -0.091296973699406883 0.03699433320136189 0.075678691095038553 -0.06960544784964405 -0.06854198029004778 0.071056296891045909 -0.058036005472761588 0.030296268218548052 -0.05279636227589906 -0.096029244825375837 -0.049201698764141141 0.012227397173208763
leaf_weight=162.84517342271283 169.2036411393201 5.6402633741963646 16.894532251404598 44.258594815852121 6.0389344270806786 287.89629953494295 103.49572703847662 8.0699507063254696 5.9754515062086275 421.59034497931134 4.1056157716084263 1.6743347700685287 15.687317767646162 230.89245832758024 4.8693699948489657 61.474194171838462 6.444073006277903 119.35487292986363 3.0454615128692231 6.1061354749836054 6.7746124768164 15.927155842538921 5.6140267965383819 4.8045008261688045 58.419385387795046 13.134488884359596 5.8425992920529088 1.5684709702618418 15.364284354960544 101.22295239637606
leaf_count=5086 28627 1329 7766 19039 1601 28704 18336 4836 2844 21492 606 140 217 29846 332 1965 636 9459 987 398 190 4138 1510 71 15083 866 1806 204 2953 14433
internal_value=-1.11134e-10 -0.0191146 -0.00463565 -0.0258961 0.0108926 0.00364439 -0.0118112 0.00506067 0.006941 0.0182313 0.030727 0.0134786 0.059417 0.0105708 0.0194399 0.00835414 0.0170593 0.0040843 0.0434868 -0.00291379 0.000768346 -0.0400632 0.00918673 -0.0400343 -0.0457811 -0.00844155 0.0218228 0.0299344 0.00806115 0.00413205
internal_weight=1914.24 694.866 525.662 164.649 1219.37 613.467 120.39 361.013 352.943 605.903 166.951 438.952 17.3617 529.501 241.604 347.303 195.933 131.413 64.5197 151.371 145.395 22.0333 124.969 83.9658 77.5928 19.1734 236.735 6.37297 123.362 116.587
internal_count=225500 119446 90819 45141 106054 78513 26102 45678 40842 27541 5692 21849 357 60688 31984 39513 14557 11605 2952 24956 22112 4536 10969 17825 17550 2467 31652 275 17576 17386
is_linear=0
shrinkage=0.05


Tree=6
num_leaves=31
num_cat=0
split_feature=0 12 5 1 9 2 0 12 5 0 12 5 5 6 1 0 7 2 7 12 5 10 7 7 10 10 9 6 11 11
split_gain=238.531 74.7417 51.4358 38.3915 38.08 40.0826 66.1578 28.9234 35.3067 29.2841 26.5203 26.1744 25.3456 23.2843 46.1774 39.88 31.0756 26.7819 26.747 21.9383 21.4462 20.2255 24.6564 20.0674 24.899 19.5376 17.3759 17.354 18.388 16.9177
threshold=0.15756948292255404 1.889183570601852 3.7726685011574079 29.500000000000004 1.5000000000000002 6.5000000000000009 0.069994281977415099 0.011661406250000001 0.028355590277777783 0.015801039524376396 0.29589002893518523 0.75210046296296307 0.0055754398148148152 13.500000000000002 19.500000000000004 0.059086427092552192 68.500000000000014 3.5000000000000004 5.5000000000000009 2.930328553240741 0.59813679976851863 8.5000000000000018 23.500000000000004 18.500000000000004 8.5000000000000018 3.5000000000000004 1.0000000180025095e-35 130.50000000000003 0.087337909992372245 0.038098693759071121
decision_type=2 2 2 2 2 2 2 2 2 2 2 2 2 2 2 2 2 2 2 2 2 2 2 2 2 2 2 2 2 2
left_child=1 4 -3 -2 7 6 23 8 -1 -10 27 -12 -9 18 15 16 25 -17 -14 -4 -11 26 -23 24 -6 -15 -21 28 -5 -25
right_child=3 2 19 10 5 -7 -8 12 9 20 11 -13 13 14 -16 17 -18 -19 -20 21 -22 22 -24 29 -26 -27 -28 -29 -30 -31
leaf_value=0.070586866412817334 0.042396657408367844 -0.064983928672691579 -0.061203815422618692 0.031236897720840297 -0.086445995303648077 -0.078211453429792646 0.050788960391211314 -0.059257735299629813 -0.072855350458819065 -0.048343423620756977 -0.069733910642060179 0.013109091568043725 -0.034919833048760694 -0.089117550324411696 -0.062270076519711275 0.047707700897817749 -0.065376227155104397 0.0012401256664908711 0.016776602319851817 -0.0077510578029617557 0.038344394188020554 0.047776703433797515 -0.08950025178737471 -0.014910292667491996 0.036039928001880543 -0.0066661305515711786 -0.078368798768094314 -0.097989359937861051 -0.083953448306283998 -0.068492316373965509
leaf_weight=29.233139927498996 298.28290490875952 94.084564318414778 20.363947950070724 99.814977827947587 5.5704919651616391 32.332904492970556 28.585518908686936 20.573761241976172 10.438663290347902 8.9964556349441391 17.489376296056435 20.963068141136318 28.449541635811329 7.275473926216363 36.529523548670113 53.509345844388008 24.321749926079065 73.741420466452837 207.57823788421229 47.881684414343908 34.476121745305136 25.619748902739961 3.7496915860101572 22.173080937471241 16.259930721484125 576.56418274017051 10.647955649998037 2.8425850677303961 3.5890801574569187 43.893319370341487
leaf_count=277 1765 31944 5749 1237 3355 6349 364 1777 4401 284 1616 532 4027 4246 3346 492 10280 2732 12968 9558 670 2131 1829 6311 1368 74394 6883 57 122 24436
internal_value=-1.5875e-10 -0.00973405 -0.0379422 0.0321445 -0.00520582 -0.0289586 -0.0152871 -0.00202617 0.0263398 0.00234708 0.0110108 -0.0245705 -0.00431919 -0.00319784 -0.00739995 -0.00467443 -0.0100005 0.0207799 0.0105454 -0.0144419 0.0204047 -0.00360837 0.0302501 -0.0367761 0.00478507 -0.00769359 -0.0205981 0.0238883 0.0272387 -0.0505092
internal_weight=1905.83 1462.85 202.348 442.982 1260.5 148.815 116.482 1111.69 83.1444 53.9112 144.699 38.4524 1028.54 1007.97 771.942 735.412 608.161 127.251 236.028 108.263 43.4726 87.8991 29.3694 87.8968 21.8304 583.84 58.5296 106.247 103.404 66.0664
internal_count=225500 220171 58094 5329 162077 42183 35834 119894 5632 5355 3564 2148 114262 112485 95490 92144 88920 3224 16995 26150 954 20401 3960 35470 4723 78640 16441 1416 1359 30747
is_linear=0
shrinkage=0.05


Tree=7
num_leaves=31
num_cat=0
split_feature=0 12 5 1 0 6 1 8 7 1 7 0 0 12 0 0 0 7 0 6 1 12 1 0 8 9 13 13 0 0
split_gain=212.748 59.1278 51.792 36.3265 62.9223 57.4038 51.5952 48.309 46.4791 32.9368 29.6102 24.8217 20.8194 22.4803 20.6441 33.2241 23.2045 20.1893 18.9747 26.5285 19.0536 16.5886 15.7064 14.067 17.3503 14.0033 13.8533 19.0686 16.0583 15.9637
threshold=0.15756948292255404 1.889183570601852 3.7726685011574079 16.500000000000004 0.032129399478435523 30.500000000000004 3.5000000000000004 1.5000000000000002 44.500000000000007 38.000000000000007 11.500000000000002 0.0051982656586915263 0.13058945536613467 0.011661406250000001 0.016977371647953991 0.011459820903837683 0.0055502089671790608 5.5000000000000009 0.62914088368415844 12.500000000000002 47.500000000000007 0.22245962962962965 19.500000000000004 7.3908093327190741e-05 1.0000000180025095e-35 1.0000000180025095e-35 1388.5000000000002 1.0000000180025095e-35 0.00059794200933538388 0.00064369311439804744
decision_type=2 2 2 2 2 2 2 2 2 2 2 2 2 2 2 2 2 2 2 2 2 2 2 2 2 2 2 2 2 2
left_child=1 3 -3 4 5 17 -6 14 12 -2 -5 -9 13 -8 15 16 -7 -1 19 21 -21 -11 25 24 -19 -12 27 28 -25 -30
right_child=9 2 -4 10 6 7 8 11 -10 18 22 -13 -14 -15 -16 -17 -18 23 -20 20 -22 -23 -24 26 -26 -27 -28 -29 29 -31
leaf_value=-0.059010570930511333 0.038556899196026423 -0.0630165640639513 -0.010939467055174188 0.0053290245138366884 0.035507348387363379 -0.046848098864846199 0.048823364940758118 -0.018525328422407616 -0.056324815685930896 0.062075094652052312 0.0010537420058673473 -0.064713054161015054 0.068970738532279016 -0.0041894991054496821 0.023639211965851968 -0.09237779765528864 0.012643791460149101 -0.097341534257756809 0.027527254890130356 -0.00094928428282134111 -0.072844035167243665 -0.029633669251222156 -0.066898729025995141 -0.051030788896846035 0.061051862311637367 -0.079196077252463554 0.056738383102859224 -0.093898902421027663 0.080694800926293372 -0.0004355006088291721
leaf_weight=14.55672065541148 323.93878181232139 89.291057627182454 102.60421243542805 35.540829139295965 160.94003337831236 24.734410984674469 23.273042414104566 42.051859798026271 33.254201348638162 14.583309367764743 20.711449611932043 94.35859235888347 13.006662174127994 142.09532933752052 37.457960194442421 13.651716553838922 48.589124421821907 1.9366831355728233 60.391101757297292 17.756012920755893 19.159578442340717 7.4498790169600388 49.059219924500212 15.530825023073701 16.115397844929248 7.3705770727246991 10.189583644270895 5.6008044797927132 6.149999034125357 429.99508319410961
leaf_count=4516 2045 31944 26150 1193 2192 16849 201 47140 2835 101 877 12792 148 5351 1325 1103 1776 8296 791 395 1415 582 5113 7262 15404 1104 196 754 234 25416
internal_value=1.45112e-10 -0.00933508 -0.0351715 -0.00535657 -0.00266496 -0.0109082 0.0141707 -0.0299233 -0.00205547 0.0302845 -0.0324319 -0.0504746 0.00806189 0.00327124 -0.00739391 -0.0207591 -0.00742476 -0.00098976 0.00782955 -0.0123501 -0.0382634 0.0310665 -0.0498293 0.000749809 0.0440589 -0.0200091 -0.000922653 -0.00220753 -0.00107055 0.000708502
internal_weight=1881.34 1438.07 191.895 1246.17 1133.49 760.919 372.569 260.844 211.629 443.279 112.682 136.41 178.375 165.368 124.433 86.9753 73.3235 500.075 119.34 58.9488 36.9156 22.0332 77.1412 485.518 18.0521 28.082 467.466 457.277 451.676 436.145
internal_count=225500 220171 58094 162077 153790 143063 10727 80985 8535 5329 8287 59932 5700 5552 21053 19728 18625 62078 3284 2493 1810 683 7094 57562 23700 1981 33862 33666 32912 25650
is_linear=0
shrinkage=0.05


Tree=8
num_leaves=31
num_cat=0
split_feature=0 2 0 11 4 2 0 7 10 0 2 7 2 0 7 7 7 2 0 8 0 7 5 0 6 5 0 10 7 4
split_gain=185.652 42.8056 46.7522 41.2012 31.7975 27.506 84.4826 27.3348 26.4554 45.8264 25.0969 24.6218 21.4208 20.4235 20.4003 30.2713 18.4672 17.1118 37.8985 28.5424 25.2458 23.2868 18.8198 17.5782 16.2333 18.4252 17.2615 15.6966 15.6264 13.8429
threshold=0.13058945536613467 13.500000000000002 0.20705585926771167 0.044281045751633996 1.0000000180025095e-35 5.5000000000000009 0.020858224481344226 21.500000000000004 31.500000000000004 0.62914088368415844 60.000000000000007 4.5000000000000009 23.500000000000004 0.00086680831736885022 16.500000000000004 14.500000000000002 51.500000000000007 16.500000000000004 0.050116922706365592 2.5000000000000004 0.032129399478435523 11.500000000000002 2.8979370775462967 0.10251038894057275 14.500000000000002 0.047379907407407412 0.010877023916691543 9.5000000000000018 68.500000000000014 1.0000000180025095e-35
decision_type=2 2 2 2 2 2 2 2 2 2 2 2 2 2 2 2 2 2 2 2 2 2 2 2 2 2 2 2 2 2
left_child=3 -2 7 4 11 6 13 12 10 -10 -4 -1 -3 14 15 -5 -8 18 19 -13 -21 -19 23 -20 25 -7 -27 -24 -22 -15
right_child=1 2 8 5 -6 24 16 -9 9 -11 -12 17 -14 29 -16 -17 -18 21 22 20 28 -23 27 -25 -26 26 -28 -29 -30 -31
leaf_value=-0.052737758720435381 0.043757534281143186 0.047761932490645941 0.047222372356461338 -0.08157679607053625 -0.061537472717545533 0.025995908631892724 0.025115295079853647 -0.058278772700638463 -0.072228836777311498 0.028238337369335023 0.0039244966156249473 -0.0010397660550275068 -0.028013129354679363 -0.055979935157016075 -0.088118903230028606 0.071849221382502493 -0.083663016235178134 0.011621640324387434 0.01211008446043913 -0.042888554343979986 0.023264610575603115 -0.046064566172717841 -0.086029629854068368 -0.082727523060862659 -0.068269400523102416 0.023859845504488185 -0.075228295095114764 0.045799185312582209 -0.066877657054504186 0.081489872115835513
leaf_weight=24.878235934302211 206.75511733931489 16.836744040716439 117.7532669827342 4.4748482594732222 24.208245371235535 12.119455639272926 86.417381939012557 29.789963140152395 17.368819741299376 32.755777827696875 46.756967158988118 691.94360349606723 20.908878547605127 96.589039682643488 4.8914752278942606 11.418595160357652 4.0862229987978926 27.362696519354358 76.13267329079099 81.982238982571289 28.644607608439401 48.510407991008833 2.3360501509159795 5.2210717508569351 49.891832616878673 5.8907974422909346 17.310923530487344 67.59255006047897 5.7774270190857342 1.866662137210368
leaf_count=6408 1175 226 839 12315 3428 436 3319 1586 496 199 1583 90637 996 19396 20152 2029 466 1081 1921 36856 763 4306 222 238 9137 1432 2142 1104 399 213
internal_value=4.62939e-10 0.0264742 0.0138102 -0.00938274 -0.00487661 -0.0259523 -0.01622 -0.0224725 0.0252267 -0.00657483 0.0349163 -0.00358306 0.00578696 -0.0438659 0.00117114 0.0286517 0.020204 -0.0024021 -0.000594785 -0.00489336 -0.0278003 -0.0252607 0.0223738 0.00602365 -0.0499073 -0.0239704 -0.0500703 0.0413953 0.00813505 -0.0533736
internal_weight=1868.47 488.926 282.17 1379.55 1084.59 294.957 209.744 67.5356 214.635 50.1246 164.51 1060.38 37.7456 119.241 20.7849 15.8934 90.5036 1035.5 959.63 808.348 116.404 75.8731 151.282 81.3537 85.213 35.3212 23.2017 69.9286 34.422 98.4557
internal_count=225500 7100 5925 218400 147363 71037 57890 2808 3117 695 2422 143935 1222 54105 34496 14344 3785 137527 132140 128655 38018 5387 3485 2159 13147 4010 3574 1326 1162 19609
is_linear=0
shrinkage=0.05


Tree=9
num_leaves=31
num_cat=0
split_feature=0 12 5 12 12 5 5 11 12 8 0 6 12 5 8 10 12 11 10 3 6 12 5 0 12 5 10 3 6 0
split_gain=175.417 56.2346 46.1881 29.6497 24.9651 35.2482 30.6267 28.4954 27.8516 20.3458 17.3378 35.6723 26.3658 55.9608 17.9911 22.5036 17.7097 17.0258 15.7902 15.6728 15.0026 14.6576 14.5662 14.3703 14.2276 23.2178 13.9329 13.7469 23.9836 12.4956
threshold=0.15756948292255404 1.889183570601852 3.7726685011574079 1.309543275462963 0.024490515046296301 0.017710821759259265 0.028355590277777783 0.033908045977011504 0.035338802083333336 9.5000000000000018 0.032129399478435523 33.500000000000007 0.34451712384259264 0.59813679976851863 1.5000000000000002 20.500000000000004 0.59905332754629648 0.14642857142857144 2.5000000000000004 1.0000000180025095e-35 38.500000000000007 2.930328553240741 0.032881834490740745 0.00086680831736885022 0.15306637731481484 0.12264315972222224 2.5000000000000004 1.0000000180025095e-35 16.500000000000004 0.0039896653033792981
decision_type=2 2 2 2 2 2 2 2 2 2 2 2 2 2 2 2 2 2 2 2 2 2 2 2 2 2 2 2 2 2
left_child=1 4 -3 -2 5 -1 -6 19 22 10 11 17 -12 -14 15 23 24 -10 -4 -7 -18 -20 -8 -13 25 -17 -5 -15 -29 -16
right_child=3 2 18 26 6 7 8 -9 9 -11 12 14 13 27 29 16 20 -19 21 -21 -22 -23 -24 -25 -26 -27 -28 28 -30 -31
leaf_value=0.056778078843867957 0.030366938023371703 -0.060459300163515556 -0.080677177585002008 0.019105360680464381 -0.044703840841717635 0.017180825392473158 0.038374745436780502 -0.056118706153395752 -0.00038558105427083562 -0.067436900356673699 0.01560755749740074 0.031979628112927476 -0.072423286321466093 0.01433321649556784 -0.014961531575449674 0.051536070652751988 0.031164233877911458 -0.081199908201249088 -0.052166331844760161 -0.085124929462289084 -0.086995043018606402 0.002212429954282859 -0.082000650287018639 -0.092038550858504098 0.037411006151131174 -0.060636566639584999 -0.065389378788587679 0.018374293470460025 -0.08018407878335454 -0.057522264789842903
leaf_weight=37.434534103609622 421.33081503899302 87.667841276619583 7.6117655856069169 8.1482743870001304 51.776477890089154 80.541763833258301 2.9538861885666874 18.479736900422722 467.87314125150442 12.544435800751669 230.66085281246342 2.9209834085777393 30.007217915961519 84.128020975622348 24.453918304061517 7.4819047171622541 3.8701207824051371 6.6093981217127284 14.56682188855484 3.9260641471482804 8.7830848791636509 83.002925591310486 16.841275603044778 11.659067827975376 29.491771051427349 12.030599907971917 12.159744704142211 13.10632637399249 11.667597753461449 58.505787019617856
leaf_count=477 3939 31944 6155 311 6300 8249 18 4511 57781 5660 6700 3190 2215 2954 31773 244 264 3581 5411 580 2707 14584 5545 1441 2713 3155 1079 441 1336 10242
internal_value=5.84653e-10 -0.00855632 -0.0336568 0.0275227 -0.00461364 0.0152296 -0.00717547 0.00012151 -0.00529916 -0.0041545 -0.00336323 -0.0083829 0.00524372 -0.0119656 -0.0288635 -0.0113295 0.00188031 -0.0015113 -0.0113172 0.0124257 -0.0508547 -0.00590613 -0.0640379 -0.0671926 0.0154968 -0.0176249 -0.0314872 0.00469311 -0.028043 -0.0449767
internal_weight=1862.24 1420.6 192.849 441.639 1227.75 140.382 1087.37 102.948 1035.59 1015.79 1003.25 633.68 369.57 138.909 159.197 76.2375 61.6575 474.483 105.182 84.4678 12.6532 97.5697 19.7952 14.5801 49.0043 19.5125 20.308 108.902 24.7739 82.9597
internal_count=225500 220171 58094 5329 162077 13817 148260 13340 141960 136397 130737 117091 13646 6946 55729 13714 9083 61362 26150 8829 2971 19995 5563 4631 6112 3399 1390 4731 1777 42015
is_linear=0
shrinkage=0.05


Tree=10
num_leaves=31
num_cat=0
split_feature=0 12 1 0 6 8 5 12 12 5 5 10 1 1 0 12 1 0 6 6 10 7 7 5 12 8 6 7 12 10
split_gain=159.088 46.3484 38.1457 56.477 43.5343 30.8204 28.2758 28.1851 27.4628 28.1575 22.6626 22.4883 20.9957 20.0323 17.262 16.9591 15.1995 55.9183 48.0305 18.6353 18.0657 40.2145 14.9997 26.2526 14.9769 14.4694 23.2997 35.2771 17.5249 14.2472
threshold=0.13058945536613467 3.9824980613425929 17.500000000000004 0.36844493448734289 33.500000000000007 5.5000000000000009 3.7726685011574079 0.82821393518518527 0.024490515046296301 0.0055754398148148152 0.017710821759259265 6.5000000000000009 1.5000000000000002 105.00000000000001 0.032129399478435523 0.028694953703703705 5.5000000000000009 0.032129399478435523 38.500000000000007 41.500000000000007 9.5000000000000018 16.500000000000004 14.500000000000002 5.6358887847222237 0.0030249942129629633 1.0000000180025095e-35 29.500000000000004 14.500000000000002 0.096922228009259273 13.500000000000002
decision_type=2 2 2 2 2 2 2 2 2 2 2 2 2 2 2 2 2 2 2 2 2 2 2 2 2 2 2 2 2 2
left_child=1 5 -2 4 7 8 -3 -4 10 -10 -1 -12 14 -5 -7 -11 17 19 25 20 21 -17 23 -22 -13 -18 27 -27 -28 -24
right_child=2 6 3 13 -6 12 -8 -9 9 15 11 24 -14 -15 -16 16 18 -19 -20 -21 22 -23 29 -25 -26 26 28 -29 -30 -31
leaf_value=0.051560260200159018 0.039505570770952715 -0.069353447025417125 0.022950331847512481 0.041803677153109578 -0.063587084644805253 -0.043814842093030965 -0.017911506746243096 -0.04470439225686143 -0.068182178698638352 -0.079443151770356227 -0.088959931492838998 -0.093931406595984049 -0.06513474687511521 -0.0030207310364173661 0.041736151422317541 -0.0089319111471136397 0.0078192059265914729 0.025036202969109189 -0.063924347798414591 -0.029162811753893458 0.045519020389426082 -0.083312064683854659 -0.019791281262234093 -0.096191034104075535 0.015356671786244842 -0.0071327457266773548 -0.08858059941533139 -0.068064113299501558 0.028136544720192017 0.005815807507565658
leaf_weight=35.646721142344177 227.78353637340479 46.830658386577852 57.60345649975352 113.33581758569926 32.961790031054989 12.853795059025289 62.18282627617009 21.009019026067108 18.405755498446524 7.7600919296964994 6.0100041581317774 3.2606624162290236 36.009247423615307 31.95257686811965 10.893319783732293 180.44027060363442 102.34617440449074 156.84828256815672 42.800453916075639 92.242983017815277 34.646700742421672 20.207351804012433 75.203851447207853 3.6086246501654378 81.237224839162081 65.660040081944317 3.5557533334940663 37.220583809656091 33.666640324052423 195.59299307223409
leaf_count=342 1241 20253 895 487 1855 9692 17034 1499 2304 2663 1343 651 11888 1123 107 26841 5906 3097 8162 36647 1299 13458 12837 727 7488 4876 397 5449 2060 22879
internal_value=-5.09589e-10 -0.00873684 0.0246096 0.0113999 -0.0153541 -0.00602275 -0.0400102 0.00486975 -0.00427236 -0.00687329 0.0177921 0.00449248 -0.0410667 0.0319457 -0.00457073 -0.00580043 -0.00525306 -0.00155412 -0.0150926 -0.00848277 -0.00474019 -0.0164228 0.00284456 0.0321515 0.0111394 -0.00647214 -0.0169121 -0.0291768 0.0169869 -0.00129562
internal_weight=1849.78 1365.13 484.646 256.863 111.574 1256.12 109.013 78.6125 1196.36 1070.21 126.155 90.5079 59.7564 145.288 23.7471 1051.8 1044.04 758.791 285.25 601.943 509.7 200.648 309.052 38.2553 84.4979 242.449 140.103 102.881 37.2224 270.797
internal_count=225500 218400 7100 5859 4249 181113 37287 2394 159426 149602 9824 9482 21687 1610 9799 147298 144635 117785 26850 114688 78041 40299 37742 2026 8139 18688 12782 10325 2457 35716
is_linear=0
shrinkage=0.05


Tree=11
num_leaves=31
num_cat=0
split_feature=0 12 5 1 0 6 1 7 11 1 6 0 1 6 4 13 12 10 0 12 0 12 5 0 12 6 10 11 7 5
split_gain=148.049 48.9715 40.2111 28.2496 52.4465 44.9326 36.4629 33.239 26.2869 23.5541 19.8004 16.3389 23.0357 35.6002 17.0708 15.687 14.7906 15.033 14.3167 16.4179 14.3004 15.5361 16.1506 17.1385 18.8402 15.6803 31.7724 23.0326 13.9767 13.1526
threshold=0.15756948292255404 1.889183570601852 2.0255078472222228 16.500000000000004 0.032129399478435523 54.500000000000007 3.5000000000000004 44.500000000000007 0.065591397849462371 38.000000000000007 38.500000000000007 0.36844493448734289 18.500000000000004 31.500000000000004 1.0000000180025095e-35 1302.5000000000002 1.1412112037037039 10.500000000000002 0.13058945536613467 0.011661406250000001 0.027164803817868236 0.024490515046296301 0.052744241898148157 0.015801039524376396 0.017583327546296299 18.500000000000004 10.500000000000002 0.061737804878048787 38.500000000000007 10.669099762731483
decision_type=2 2 2 2 2 2 2 2 2 2 2 2 2 2 2 2 2 2 2 2 2 2 2 2 2 2 2 2 2 2
left_child=1 3 -3 4 5 8 -6 18 15 11 -5 12 14 -14 -2 20 17 -11 19 -8 21 22 -1 24 -24 -23 27 -27 -26 -9
right_child=9 2 -4 10 6 -7 7 29 -10 16 -12 -13 13 -15 -16 -17 -18 -19 -20 -21 -22 25 23 -25 28 26 -28 -29 -30 -31
leaf_value=0.051822307837633724 0.03696095266608275 -0.061804932895197812 -0.013848197839334251 -0.016916405975789528 0.031634666338058746 -0.0471030099217613 0.043254268033786937 -0.058849919466333792 -0.033790533148428101 0.032886548811969459 -0.067638071610666706 0.045885154246811853 0.02150611924215012 -0.071733404192765526 -0.04731254950707281 0.046587212449838954 -0.050704586639880138 -0.0049034520393751819 0.057731809603191013 -0.002505767669548996 -0.050058995855034844 0.0050463556035623431 -0.068913014658008295 0.042650988033231835 -0.096134520510916713 -0.084033262315877003 -0.0076382318356731085 0.076469172927770709 0.051518181483525521 0.055196615486567714
leaf_weight=25.742578624282032 134.35276462114416 69.834533386863768 116.84755442698952 83.01138021517545 158.89084510691464 71.845874152495526 22.849115644348785 27.711380475666378 73.053817845298909 46.997851926716976 25.046362549532205 131.77752553857863 33.733442692318931 14.698031771229578 6.2905026692897072 16.156027250923216 10.412014687201006 59.804799213423394 13.432240969268603 137.90213178365957 15.945060982834546 218.75092108198442 12.251238017110156 14.49898515595123 1.9876962625421573 21.743518829345707 256.29586924088653 2.4913223516196004 8.275652611628173 2.7818452797364435
leaf_count=262 613 26544 31550 4817 2192 42856 201 2687 22020 702 3470 330 410 562 130 329 1161 1421 148 5351 1267 17207 3515 287 360 13728 40820 72 340 148
internal_value=7.19678e-11 -0.00795105 -0.031788 -0.00427544 -0.00188442 -0.00953294 0.013663 -0.000288384 -0.00548725 0.0253623 -0.028673 0.0323699 0.0229503 -0.0067903 0.0331917 -0.00200715 0.0061802 0.0117258 0.00814221 0.00399854 -0.00336548 -0.00204078 0.0214071 0.0002536 -0.0270495 -0.00498801 -0.0128126 -0.0675337 0.0229224 -0.0484456
internal_weight=1835.41 1397.35 186.682 1210.66 1102.61 739.039 363.568 204.677 667.193 438.067 108.058 320.852 189.075 48.4315 140.643 594.139 117.215 106.803 174.183 160.751 577.983 562.038 62.7562 37.0136 22.5146 499.282 280.531 24.2348 10.2633 30.4932
internal_count=225500 220171 58094 162077 153790 143063 10727 8535 100207 5329 8287 2045 1715 972 743 78187 3284 2123 5700 5552 77858 76591 4764 4502 4215 71827 54620 13800 700 2835
is_linear=0
shrinkage=0.05


Tree=12
num_leaves=31
num_cat=0
split_feature=0 12 5 1 0 6 2 6 1 12 8 11 9 8 0 5 12 0 12 12 0 2 6 8 2 0 2 6 6 11
split_gain=142.027 46.0198 78.2201 29.7889 31.9304 35.4357 27.4989 40.473 23.4668 23.4246 23.3359 20.7559 20.2188 18.0225 18.0245 17.8127 29.5523 17.6851 15.8835 14.1857 13.8361 16.6834 13.9191 13.7881 17.5976 15.7415 24.8723 15.3846 13.7805 16.508
threshold=0.15756948292255404 0.16550061921296297 0.19336350115740744 19.500000000000004 0.032129399478435523 50.500000000000007 3.5000000000000004 41.500000000000007 38.000000000000007 3.9824980613425929 5.5000000000000009 0.042463036422646962 1.5000000000000002 1.5000000000000002 0.0026067980797961359 0.15217204282407412 0.15306637731481484 0.00080871506361290823 0.17959149305555558 0.1387135763888889 0.096067108213901534 16.500000000000004 71.500000000000014 1.0000000180025095e-35 4.5000000000000009 0.36844493448734289 15.500000000000002 22.500000000000004 67.500000000000014 0.013423423423423427
decision_type=2 2 2 2 2 2 2 2 2 2 2 2 2 2 2 2 2 2 2 2 2 2 2 2 2 2 2 2 2 2
left_child=1 3 18 4 5 12 -6 -8 23 10 20 13 15 14 17 -1 19 -11 -3 -17 22 -22 -4 -2 -25 26 28 -28 -26 -30
right_child=8 2 9 -5 6 -7 7 -9 -10 11 -12 -13 -14 -15 -16 16 -18 -19 -20 -21 21 -23 -24 24 25 -27 27 -29 29 -31
leaf_value=0.024377193092964849 0.050144159766303348 0.015665109608416109 -0.0054709303927564 -0.046114307657450004 0.03650656111440604 -0.04759088597249457 0.017210281668571636 -0.062094011593544454 0.0058579391243074154 -0.090537786435352111 -0.070828807222266588 -0.071569612525010581 -0.060873508153378345 0.027452642943165365 -0.055384867587257219 -0.0091608606959847991 0.052233218788346539 0.037961078674742382 -0.058643805645356442 -0.089169957870688141 0.04283026630716219 -0.019346983747609375 -0.066301706003895927 0.046749150631712415 0.036293758780248354 0.032285183100409669 0.013571826563579565 -0.066956059723230418 0.029759672565505671 -0.072085984077082943
leaf_weight=82.907754315529019 79.158501377794892 7.7114810221828511 562.23205298220273 28.675385399372317 121.91918672993779 41.126689292956144 78.948354206513613 20.206030438537709 116.90567258233204 3.4191596237942568 13.478426593472248 25.199498767615296 12.006584242917596 16.266568517778069 31.53185147640761 132.04867304186337 20.204550361260772 12.346264823339878 106.59323637164198 5.7826426052488378 31.442704930203035 16.423830716637895 9.5637938363943231 71.543710213154554 39.325288217747584 83.690741910599172 9.1143022791948187 16.981946852989495 8.3436141768470389 7.6056691634003064
leaf_count=3102 373 396 83221 2380 1398 24508 1865 2112 3284 8394 8882 14201 7990 2100 6217 21019 1041 1396 21296 2051 703 1016 4883 179 297 252 156 620 63 105
internal_value=-1.32104e-11 -0.00783654 -0.0151998 0.0034855 0.00624643 -0.0045466 0.0206035 0.00104937 0.0249953 -0.00911475 -0.00574239 -0.0331694 0.00245189 -0.0179459 -0.0335595 0.00560749 -0.00423935 0.0100926 -0.0536306 -0.0125176 -0.00432668 0.0214962 -0.00648838 0.0320805 0.0260372 0.0170599 0.00140047 -0.0388311 0.0203946 -0.018807
internal_weight=1812.7 1380.03 836.209 543.826 515.15 294.077 221.074 99.1544 432.669 721.904 633.141 88.7633 252.95 63.5638 47.2973 240.944 158.036 15.7654 114.305 137.831 619.662 47.8665 571.796 315.764 236.605 165.062 81.3708 26.0962 55.2746 15.9493
internal_count=225500 220171 152705 67466 65086 59711 5375 3977 5329 131013 98705 32308 35203 18107 16007 27213 24111 9790 21692 23070 89823 1719 88104 2045 1672 1493 1241 776 465 168
is_linear=0
shrinkage=0.05


Tree=13
num_leaves=31
num_cat=0
split_feature=0 12 5 1 0 1 6 2 5 5 7 12 0 9 6 0 12 12 1 0 2 6 12 12 7 10 12 0 5 5
split_gain=139.594 40.8755 69.741 26.3372 28.7801 25.2947 24.5807 23.3014 19.5809 21.9446 20.0789 18.6773 18.8672 17.4115 16.0895 15.1641 14.2458 13.3264 13.2359 13.1488 17.7806 28.5337 13.0467 12.1564 10.868 23.3616 22.4873 20.4341 21.5781 18.0483
threshold=0.15756948292255404 0.16550061921296297 0.19336350115740744 19.500000000000004 0.015801039524376396 38.000000000000007 100.50000000000001 2.5000000000000004 0.22520244791666669 6.1040008969907413 27.500000000000004 3.9824980613425929 0.0026067980797961359 1.0000000180025095e-35 50.500000000000007 0.00040305750735569751 0.14698588541666671 1.1412112037037039 4.5000000000000009 0.25780284404754644 6.5000000000000009 52.500000000000007 0.17959149305555558 4.9895445370370384 17.500000000000004 7.5000000000000009 0.19122133680555559 0.0067740185186266908 1.9970732986111115 4.0442416666666672
decision_type=2 2 2 2 2 2 2 2 2 2 2 2 2 2 2 2 2 2 2 2 2 2 2 2 2 2 2 2 2 2
left_child=1 3 22 4 13 19 7 -6 -9 10 18 24 15 14 -1 -13 -15 -7 -10 20 -2 -22 -3 -17 26 -26 -4 28 -27 -30
right_child=5 2 11 -5 6 17 -8 8 9 -11 -12 12 -14 16 -16 23 -18 -19 -20 -21 21 -23 -24 -25 25 27 -28 -29 29 -31
leaf_value=0.0058430053134101165 0.041211957072413687 0.010187390560625205 -0.09190627606882408 -0.044099864548743213 0.036290929537371064 0.010190775791903724 -0.04568764235069487 0.025268233282536041 -0.088391235954727781 0.027262162410256998 -0.061301667504349761 -0.082735803793411333 -0.045679840858630374 -0.035377220376372885 -0.080206055976685897 -0.09643033195030884 0.032786719642959483 -0.051680488694719001 0.0064161943657282481 0.041508690844446916 0.01880278979559126 -0.062043950793083148 -0.056689372043056796 0.035432954905045347 -0.075101204025474488 -0.074389745012123698 0.0028983028627538334 -0.0028363200516648454 0.017907593960099919 -0.043234169843395676
leaf_weight=127.89698107820004 59.305915403179824 7.8554458199068895 6.3925517410971215 28.241371703799814 113.61380423908122 107.9095986878965 15.636194364400579 80.289824972162023 4.1012709639035156 29.486769382492639 23.766391689307056 4.0349798456300077 61.729412806453183 68.066822156077251 5.6733453744091085 1.9266226284671599 8.6378044097218645 9.4666530506219697 35.955682673258707 174.77572463522665 62.241178003139794 13.234301857184617 101.80481733707711 18.83379610395059 14.171567238867281 21.984696719795465 290.45123293844517 251.39771392999683 22.651785405352712 25.836650428245775
leaf_count=14653 198 396 834 2380 2109 2123 1331 1679 281 1212 2356 15147 13589 33285 5360 598 1494 1161 1326 641 783 423 21296 2974 8050 15836 28729 16296 5513 23447
internal_value=-2.26889e-10 -0.00777742 -0.0147553 0.00290876 0.00549602 0.0249652 0.015363 0.0186867 0.00716543 -0.00841135 -0.0248927 -0.00909347 -0.0308822 -0.00871499 0.00218811 0.00595735 -0.0277012 0.00520072 -0.00329076 0.0324594 0.0207248 0.00462666 -0.0518987 0.0231957 -0.00611464 -0.0122728 0.00085668 -0.00950651 -0.033301 -0.0146713
internal_weight=1797.37 1370.44 829.071 541.366 513.125 426.933 302.85 287.214 173.6 93.3101 63.8233 719.411 86.5248 210.275 133.57 24.7954 76.7046 117.376 40.057 309.557 134.781 75.4755 109.66 20.7604 632.886 336.042 296.844 321.871 70.4731 48.4884
internal_count=225500 220171 152705 67466 65086 5329 10294 8963 6854 5175 3963 131013 32308 54792 20013 18719 34779 3284 1607 2045 1404 1206 21692 3572 98705 69142 29563 61092 44796 28960
is_linear=0
shrinkage=0.05


Tree=14
num_leaves=31
num_cat=0
split_feature=0 2 0 11 0 2 4 8 2 5 0 0 2 7 6 0 6 5 6 5 5 5 2 11 7 7 13 2 6 0
split_gain=129.979 30.3758 35.3615 28.3233 25.1249 65.9867 22.9564 18.7272 19.4251 17.9241 17.1317 16.2213 29.9945 15.5648 16.7647 19.5233 15.4651 15.3205 15.0509 13.3647 13.2442 12.9374 12.4954 11.5911 11.9067 10.7674 10.6143 10.3678 24.0175 11.1766
threshold=0.13058945536613467 23.500000000000004 0.36844493448734289 0.044281045751633996 0.020858224481344226 5.5000000000000009 1.0000000180025095e-35 1.0000000180025095e-35 31.500000000000004 0.047379907407407412 7.3908093327190741e-05 0.050116922706365592 16.500000000000004 4.5000000000000009 54.500000000000007 0.030859944410622123 14.500000000000002 0.032881834490740745 24.500000000000004 8.7476320659722244 2.3159229918981485 4.1216086805555561 68.000000000000014 0.011561079925153704 86.500000000000014 51.500000000000007 1043.0000000000002 6.5000000000000009 128.50000000000003 0.25780284404754644
decision_type=2 2 2 2 2 2 2 2 2 2 2 2 2 2 2 2 2 2 2 2 2 2 2 2 2 2 2 2 2 2
left_child=3 27 7 6 10 25 11 8 -3 16 -5 13 20 -1 -15 -16 -7 -9 -14 -19 -13 -12 -4 24 -17 -6 -20 -2 29 -29
right_child=1 2 22 4 5 9 -8 17 -10 -11 21 12 18 14 15 23 -18 19 26 -21 -22 -23 -24 -25 -26 -27 -28 28 -30 -31
leaf_value=-0.05319079014067294 0.044656761737567684 -0.076904618510050482 0.036033201955289612 0.025136564090880182 0.021482578237446752 0.032374402862918546 -0.054107962603350879 0.010865552403720051 0.025140344060454546 -0.063974541509394564 -0.033607301818919764 0.0067399185252628975 9.2677183292098236e-05 -0.0027226815293848478 -0.044182986318685009 0.038965819014064609 -0.072346938180804052 -0.069853474890746323 -0.059571231898001148 0.068881275896923194 0.036901249007942713 -0.070746798246293929 0.00046956981646847148 -0.037205058109758896 -0.076209841293187294 -0.072964348774782015 0.058163719498693159 0.012574642451429778 -0.097220199354619008 0.039137545656212025
leaf_weight=17.328726862091571 114.31373868300579 5.6288149494212112 76.121291324030608 9.6948529360815865 88.994178693043068 10.600380786694585 22.550732170348056 9.7825441560707969 27.196463096188381 46.511163118411787 83.386042968020774 72.738644764758646 39.0926618212834 704.79602961521596 54.80540419544559 19.344936938723553 5.2823259693104765 27.969822693732571 22.764936770079661 1.8507815306074906 72.849598512868397 32.621922924998216 36.562046150676906 11.055909980088471 2.5383716661017379 3.1236171058844766 2.0901139019988468 67.967912577791139 3.918233365751802 94.880948633886874
leaf_count=6094 431 225 322 27029 3319 306 3428 237 775 5848 19393 2158 1749 93787 35359 365 663 2129 1960 30 1410 14013 1185 785 224 466 44 1337 72 357
internal_value=-2.29447e-10 0.0227008 0.00697361 -0.00800421 -0.0221158 -0.00861163 -0.00420915 -0.0202844 0.00764187 -0.0483142 -0.038715 -0.00310531 0.00929459 -0.00631352 -0.00528856 -0.0258986 -0.00245419 -0.0434312 -0.0192492 -0.0612431 0.0218321 -0.0440511 0.024494 0.00452368 0.0256059 0.01828 -0.0496707 0.0330582 0.0251078 0.028051
internal_weight=1788.36 466.193 185.112 1322.17 280.214 154.512 1041.96 72.4284 32.8253 62.3939 125.703 1019.41 209.536 809.869 792.541 87.7446 15.8827 39.6031 63.9477 29.8206 145.588 116.008 112.683 32.9392 21.8833 92.1178 24.8551 281.081 166.767 162.849
internal_count=225500 7100 4903 218400 71037 10602 147363 3396 1000 6817 60435 143935 7321 136614 130520 36733 969 2396 3753 2159 3568 33406 1507 1374 589 3785 2004 2197 1766 1694
is_linear=0
shrinkage=0.05


Tree=15
num_leaves=31
num_cat=0
split_feature=0 12 5 1 0 1 10 8 10 7 10 0 9 12 12 7 7 1 7 10 7 8 10 12 12 12 12 13 12 5
split_gain=123.708 39.7066 105.891 22.9987 19.7519 43.1992 32.0705 29.9701 17.7153 16.0879 15.6914 14.9186 21.0097 14.8395 14.9846 14.2903 13.4163 13.5921 13.1579 14.8135 13.1187 12.5644 15.5624 13.7677 12.4226 15.2777 11.906 11.8688 11.5744 11.4612
threshold=0.15756948292255404 0.95156759259259271 0.98414826967592595 38.000000000000007 0.020153127610683445 5.5000000000000009 4.5000000000000009 2.5000000000000004 30.500000000000004 16.500000000000004 3.5000000000000004 0.069994281977415099 2.5000000000000004 0.97113965277777792 3.9824980613425929 24.500000000000004 17.500000000000004 1.5000000000000002 28.500000000000004 18.500000000000004 86.500000000000014 1.0000000180025095e-35 4.5000000000000009 8.0233415219907425 0.017583327546296299 0.041655572916666668 0.63056064236111131 1297.5000000000002 1.1412112037037039 1.051519340277778
decision_type=2 2 2 2 2 2 2 2 2 2 2 2 2 2 2 2 2 2 2 2 2 2 2 2 2 2 2 2 2 2
left_child=1 4 -3 -2 7 11 9 10 -8 -7 -1 12 20 -4 27 26 21 -18 19 29 24 22 23 -16 -6 -26 -9 -15 -5 -12
right_child=3 2 13 28 5 6 8 15 -10 -11 18 -13 -14 14 16 -17 17 -19 -20 -21 -22 -23 -24 -25 25 -27 -28 -29 -30 -31
leaf_value=-0.058616337661135658 0.030891785897806757 -0.061613189572728912 -0.090576787864178776 0.0091263765874748104 0.045131870888036711 0.032836524311913438 -0.014078369995316765 0.0054118871528041372 -0.059572291510012733 -0.074695495004602722 0.010439487609584845 0.040308111075817755 -0.064516759684980482 0.00075535896435824563 0.027529636003197019 -0.054533381877578793 0.037653263537774706 -0.0458017194990437 -0.01556645308299546 0.034214348286764222 -0.064010652297513029 -0.065756851737004851 -0.082752472607451416 -0.076366575950181079 -0.07310073621297776 0.014925190000594866 -0.082273315199585695 0.055988137346550559 -0.051956190398795246 -0.01214683481602487
leaf_weight=12.513867651345207 304.86366772348993 112.77540998684708 4.9345817675348362 107.44704516464844 34.689022120554 46.481381977209821 152.43192284647375 22.989652793388817 24.892924160114489 3.7596109784208229 118.90695270523429 64.417815623339266 8.4686641398584452 207.81648692139424 16.107513808063239 47.704562259372324 14.402758694253864 7.3782430480932808 118.0743127897149 36.235500681679696 4.9755794922821215 22.022997335647233 6.3659703875891855 3.9756221030838779 5.1138602069113395 136.50033047189936 4.6551559218205503 10.203997828299178 8.3586939735105243 106.44850375456735
leaf_count=6584 2045 30252 1069 2123 324 867 8490 5169 3635 284 8766 597 922 33756 3569 36810 2914 2939 30561 1578 408 11980 1843 2039 434 4084 2671 510 1161 17116
internal_value=-3.27746e-10 -0.00735226 -0.020439 0.0236863 -0.00175527 0.00535005 -0.0104737 -0.00907644 -0.0204648 0.0247897 -0.00352754 0.0195178 0.0124596 -0.00460232 -0.00313064 -0.0379574 -0.0232126 0.00938316 -0.00171179 0.00454178 0.0160557 -0.0378596 -0.0146308 0.00696253 0.0183153 0.0117465 -0.00935357 0.00334041 0.00471752 -0.000229348
internal_weight=1775.91 1355.24 405.984 420.669 949.26 481.731 227.566 467.529 177.325 50.241 392.179 254.165 189.747 293.208 288.274 75.3494 70.2531 21.781 379.665 261.591 181.279 48.4721 26.4491 20.0831 176.303 141.614 27.6448 218.02 115.806 225.355
internal_count=225500 220171 90871 5329 129300 20045 13276 109255 12125 1151 64605 6769 6172 60619 59550 44650 25284 5853 58021 27460 5250 19431 7451 5608 4842 4518 7840 34266 3284 25882
is_linear=0
shrinkage=0.05


Tree=16
num_leaves=31
num_cat=0
split_feature=12 5 12 5 5 10 12 6 11 12 11 12 11 11 13 6 1 12 5 5 7 5 7 10 1 6 12 5 6 6
split_gain=79.0767 118.472 16.3675 20.2614 12.7887 46.2964 14.6653 15.4869 14.0155 14.4163 14.6766 12.4852 11.9155 11.7429 11.4601 10.9328 14.7206 14.6276 16.9026 13.1958 11.0116 10.5957 10.4835 10.0014 9.86442 9.79071 9.54873 12.6781 9.48666 11.3148
threshold=0.75279407986111113 0.75210046296296307 1.889183570601852 2.0255078472222228 0.75210046296296307 9.5000000000000018 0.0030249942129629633 48.500000000000007 0.026144907723855096 0.10692970486111113 0.033908045977011504 0.66879237268518532 0.079473684210526321 0.042463036422646962 1297.5000000000002 13.500000000000002 17.500000000000004 0.24670384837962969 4.7215320775462972 1.0388966203703707 14.500000000000002 13.139137517361112 10.500000000000002 26.500000000000004 33.500000000000007 44.500000000000007 0.77898211805555573 0.76812487268518537 26.500000000000004 23.500000000000004
decision_type=2 2 2 2 2 2 2 2 2 2 2 2 2 2 2 2 2 2 2 2 2 2 2 2 2 2 2 2 2 2
left_child=4 -2 26 -4 -1 11 -7 8 15 12 -11 -6 -10 21 -15 -8 17 23 19 -19 -20 28 -13 25 -9 -17 27 -3 29 -5
right_child=1 2 3 13 5 6 7 24 9 10 -12 22 -14 14 -16 16 -18 18 20 -21 -22 -23 -24 -25 -26 -27 -28 -29 -30 -31
leaf_value=0.012502817765119169 -0.056151797769023751 0.06407374513415115 -0.06268382177357272 -0.00081561688678780857 -0.042185721151858806 -0.08782726633059644 0.055181769675211302 0.019913936892644254 -0.073700152025202428 -0.090316737373516615 0.0081199550389551775 0.032109635050468557 -0.0041943693651560919 -0.047482368233014105 0.064601919992234511 0.010618264065158931 -0.053752162052504708 -0.092320937061488195 0.069197754787856988 0.017028415171797234 -0.090920146937350593 -0.083228348894734183 -0.07181416904447159 0.040108739481704195 -0.068122438230185406 -0.072692514609342007 0.0052304372157060833 -0.079822847424060775 -0.049903904739601511 0.047103253180231605
leaf_weight=605.86755672155414 134.90311222360469 1.9725057240575532 20.619560950784944 63.91729126451537 66.296876534586772 3.9759425127413115 11.29535175859928 213.01332912361249 16.513332170550715 4.1780326613225034 40.418983691371977 11.122667535673825 9.8406083968002331 25.314729180419821 2.5063325898954636 113.65645136986859 10.244227585266342 3.1898369486443725 1.2081586029380549 20.424467210192233 9.6528836674988252 3.6896624821238211 3.1038887323811641 30.654017840977758 3.2301570964045814 3.6394928914960465 299.65222245885525 6.8341546528972685 7.6452857211697838 15.260023636510594
leaf_count=30929 29771 18 12079 12290 17206 1318 240 30902 4513 763 5787 582 1352 13295 139 8555 654 583 24 1559 2614 1769 1277 1835 321 1288 37302 2258 3230 1047
internal_value=-1.12565e-10 -0.0150802 -0.00269634 -0.016945 0.00743227 0.00209564 0.00781386 0.00858807 0.000713761 -0.0184276 -0.001102 -0.0330654 -0.0477466 -0.00897498 -0.037385 0.00737225 0.00456939 0.00784448 -0.0214859 0.00225743 -0.073109 -0.000242502 0.00943599 0.014679 0.0185989 0.00803327 0.0037223 -0.0475931 0.00328411 0.0084199
internal_weight=1763.84 582.315 447.412 138.953 1181.53 575.659 495.135 491.159 274.916 70.951 44.597 80.5234 26.3539 118.333 27.8211 203.965 192.67 182.425 34.4753 23.6143 10.861 90.5123 14.2266 147.95 216.243 117.296 308.459 8.80666 86.8226 79.1773
internal_count=225500 113198 83427 43849 112302 81373 62308 60990 29767 12415 6550 19065 5865 31770 13434 17352 17112 16458 4780 2142 2638 18336 1859 11678 31223 9843 39578 2276 16567 13337
is_linear=0
shrinkage=0.05


Tree=17
num_leaves=31
num_cat=0
split_feature=12 11 8 2 10 6 10 12 12 8 2 3 7 7 3 12 2 6 6 11 10 3 10 8 7 2 13 12 12 2
split_gain=72.3637 20.911 15.9986 18.2623 39.9184 27.1372 19.1019 17.6431 15.5605 15.4848 16.9825 13.7709 12.4763 11.1776 10.5945 10.4632 10.0823 10.0653 9.90239 9.88574 9.64392 9.29486 12.8207 21.4506 11.3228 20.2349 13.6391 16.9354 10.9463 12.699
threshold=0.83188092013888892 0.053342816500711245 1.0000000180025095e-35 11.500000000000002 19.500000000000004 24.500000000000004 20.500000000000004 0.0050511226851851863 0.6721824305555556 2.5000000000000004 2.5000000000000004 1.0000000180025095e-35 85.500000000000014 4.5000000000000009 2.5000000000000004 1.0001529513888892 1.5000000000000002 6.5000000000000009 91.500000000000014 0.17424242424242428 3.5000000000000004 1.0000000180025095e-35 3.5000000000000004 1.5000000000000002 26.500000000000004 5.5000000000000009 3.5000000000000004 0.20382255208333336 0.17636109375000003 1.5000000000000002
decision_type=2 2 2 2 2 2 2 2 2 2 2 2 2 2 2 2 2 2 2 2 2 2 2 2 2 2 2 2 2 2
left_child=2 13 3 4 5 7 14 -1 -7 -3 -11 20 18 -2 -5 -12 -14 -15 19 21 -9 24 -23 -24 25 -4 27 28 -26 -30
right_child=1 9 12 6 -6 8 -8 11 -10 10 15 -13 16 17 -16 -17 -18 -19 -20 -21 -22 22 23 -25 26 -27 -28 -29 29 -31
leaf_value=0.061627054270286044 -0.049533425690064137 -0.049640818088244026 -0.00079646242151348824 0.038106560819007713 0.029942915276527496 -0.082539876129369971 -0.028321146650014117 -0.073527696958584063 0.016200498573509896 0.019217171179732078 0.010002279357674091 -0.089934210214958954 0.040100236248708142 0.019323465020347687 -0.050271507810742244 -0.070635016987972685 0.0083287152008538409 -0.010965418214287804 -0.049520453174742962 -0.063570115210257391 0.00041842572186282678 0.05926072911705571 -0.033742727974883487 0.017359831760324722 0.0040876712047316693 -0.035690819715801979 0.051495375288450919 -0.01717839257321984 -0.050562816629039525 0.042662227166919919
leaf_weight=10.183556040283291 17.510968785616569 68.0573075839784 146.25476479460485 121.87742358748801 103.99952498311177 18.012864119140435 12.868183927610515 4.6399825772969043 5.1253281035460523 21.937374443281442 5.8379869458731291 4.8193326126784077 35.806218695361167 29.624479239457287 3.4880861567798993 12.938380133127792 82.511248627793975 369.99782048759516 9.7807178233051655 5.8572015007957807 88.660858989693224 13.441208359785376 25.070353623712435 113.51268086000346 226.9878187320428 58.030734663829207 14.504939845530314 86.60919420782011 4.0831684870645395 34.67110410798341
leaf_count=163 6057 22462 19155 1752 7604 5668 711 2847 1880 8024 762 586 4521 3277 212 4371 5902 59638 1804 2013 6575 163 1730 4627 28116 4219 513 15955 2048 2145
internal_value=-8.90858e-11 -0.0155246 0.00663348 0.0152671 0.00679741 -0.0115158 0.0296927 -0.00101483 -0.060668 -0.0350494 -0.0106582 -0.00751621 0.00286953 -0.0104334 0.0356476 -0.0455631 0.0179437 -0.00872007 0.000455449 0.00112594 -0.00325902 0.00164993 0.0126372 0.00811513 -0.0012746 -0.0107088 0.00397887 0.0020228 0.00828074 0.03284
internal_weight=1756.7 525.904 1230.8 373.675 235.441 131.442 138.234 108.304 23.1382 108.771 40.7137 98.1202 857.121 417.133 125.366 18.7764 118.317 399.622 738.804 729.023 93.3008 723.166 152.024 138.583 571.142 204.285 366.856 352.351 265.742 38.7543
internal_count=225500 104591 120909 27998 25323 17719 2675 10171 7548 35619 13157 10008 92911 68972 1964 5133 10423 62915 82488 80684 9422 78671 6520 6357 72151 23374 48777 48264 32309 4193
is_linear=0
shrinkage=0.05


Tree=18
num_leaves=31
num_cat=0
split_feature=0 12 9 2 0 0 1 1 1 10 11 10 7 0 7 0 7 11 10 2 0 8 7 7 7 12 0 7 0 7
split_gain=122.434 30.0326 21.4285 29.2623 25.81 21.2544 29.5857 21.2406 19.0849 18.9661 19.9392 18.696 20.0461 18.6739 18.0017 20.2944 16.637 17.5393 16.2858 13.4006 13.6642 13.3872 12.7861 12.6801 13.9666 12.0088 14.2185 11.3545 10.7114 15.0894
threshold=0.20705585926771167 0.95156759259259271 1.5000000000000002 2.5000000000000004 0.045020502060651786 0.015801039524376396 3.5000000000000004 11.500000000000002 38.000000000000007 13.500000000000002 0.061737804878048787 4.5000000000000009 17.500000000000004 0.1434653699398041 28.500000000000004 0.011783130001276733 15.500000000000002 0.03478523895946764 2.5000000000000004 28.500000000000004 0.13058945536613467 2.5000000000000004 95.000000000000014 38.500000000000007 35.500000000000007 0.013898906250000002 0.020153127610683445 24.500000000000004 0.62914088368415844 40.500000000000007
decision_type=2 2 2 2 2 2 2 2 2 2 2 2 2 2 2 2 2 2 2 2 2 2 2 2 2 2 2 2 2 2
left_child=1 2 5 4 16 14 9 13 -2 10 -7 12 -8 18 -1 21 -4 -18 -3 20 23 -16 -6 24 25 27 -27 -13 29 -10
right_child=8 7 3 -5 22 6 11 -9 28 -11 -12 19 -14 -15 15 -17 17 -19 -20 -21 -22 -23 -24 -25 -26 26 -28 -29 -30 -31
leaf_value=-0.00038148795602227482 0.037071547240300561 -0.060103179200987913 0.028242685566403726 -0.044472061402419168 0.052169220849720865 -0.050969084406441226 0.030547881040430536 -0.043941496625538645 0.003971951471031859 0.030402077097561125 0.031566410589346776 0.040368234029868763 -0.074836805822596733 0.060870287900009361 -0.0092887156957028004 -0.080925197130028742 0.013937532948872816 -0.068205605023853574 -0.011841100407745995 -0.044875747224549012 0.019835173861835351 -0.060568248195364188 -0.035820386508853885 -0.03183602505967472 0.040458194780419232 -0.088172998798543012 -0.010264017275290045 -0.060330457545710495 0.025708310880868793 -0.080329746433161306
leaf_weight=259.02444244292565 210.5379410876194 18.501566955586895 11.345006286865098 64.594651539460756 24.812795262318108 16.013907013926659 60.746440866496414 64.439203580841422 39.320840501924977 159.11772211780772 13.474940674379466 19.037145982496444 4.8745818780735126 8.4233600478619319 91.697701268596575 13.763730100472456 9.4214795320294815 20.945818831212819 316.50489876652136 21.54150399658829 49.153354086913168 14.778658032766542 4.952828715555369 48.483163706609048 16.860604804009199 6.2078332789242259 103.40429586847313 3.2819773256778708 52.752734086592682 6.136518624261952
leaf_count=34533 1073 13307 1904 12831 211 1084 1096 9125 1211 2902 357 192 367 49 27104 1790 3349 15639 69034 1510 795 14863 55 4056 373 651 4654 128 791 466
internal_value=2.3666e-11 -0.00610514 -0.00158625 -0.0200812 0.00196082 0.00120549 0.00774846 -0.0176002 0.0285812 0.0235763 -0.0132545 -0.00120035 0.0227195 -0.0126577 -0.00780331 -0.0237916 -0.0234199 -0.0427206 -0.0145065 -0.00705789 -0.00375204 -0.0164062 0.0375283 -0.00962907 -0.00239304 -0.00786936 -0.0146764 0.0255607 0.01038 -0.00740836
internal_weight=1754.15 1445.4 1037.53 136.073 71.4779 901.462 522.197 407.869 308.748 188.607 29.4888 333.591 65.621 343.43 379.265 120.24 41.7123 30.3673 335.006 267.97 246.428 106.476 29.7656 197.275 148.792 131.931 109.612 22.3191 98.2101 45.4574
internal_count=225500 221959 130444 33989 21158 96455 18165 91515 3541 4343 1441 13822 1463 82390 78290 43757 20892 18988 82341 12359 10849 41967 266 10054 5998 5625 5305 320 2468 1677
is_linear=0
shrinkage=0.05


Tree=19
num_leaves=31
num_cat=0
split_feature=0 12 5 1 2 0 9 1 6 6 12 5 0 9 6 0 6 0 12 10 1 10 0 1 6 5 2 12 5 5
split_gain=118.511 24.409 33.7032 23.1977 19.0183 39.9429 25.0938 22.3434 17.0504 16.5497 14.8371 17.5064 14.4849 13.4714 12.6546 11.844 11.8343 11.722 11.3586 12.8107 12.2658 11.123 10.8485 16.1113 29.5807 10.4296 10.265 10.2572 19.0841 17.6919
threshold=0.15756948292255404 1.889183570601852 3.7726685011574079 29.500000000000004 16.500000000000004 0.05597044155001641 1.5000000000000002 5.5000000000000009 34.500000000000007 69.500000000000014 0.20606017361111115 0.096470225694444453 0.36844493448734289 1.0000000180025095e-35 10.500000000000002 0.096067108213901534 5.5000000000000009 0.03351262770593167 2.930328553240741 2.5000000000000004 1.5000000000000002 26.500000000000004 0.36844493448734289 11.500000000000002 52.500000000000007 8.7476320659722244 2.5000000000000004 0.024490515046296301 0.017710821759259265 0.0055754398148148152
decision_type=2 2 2 2 2 2 2 2 2 2 2 2 2 2 2 2 2 2 2 2 2 2 2 2 2 2 2 2 2 2
left_child=1 4 -3 22 5 6 9 -7 14 16 21 -12 -13 -6 -9 -10 -1 -11 -4 -20 -21 -5 23 25 -25 -2 -8 28 -18 -29
right_child=3 2 18 10 13 7 26 8 15 17 11 12 -14 -15 -16 -17 27 -19 19 20 -22 -23 -24 24 -26 -27 -28 29 -30 -31
leaf_value=-0.064031649156129217 0.039312974797905798 -0.050818224431718254 -0.046751630142437745 0.029504913568443411 -0.012062634321836782 0.034573423786780355 -0.019746654928715201 -0.069530994714719838 -0.070889777632790515 -0.065476888957238702 -0.069371483414764942 -0.037364840266244426 0.03393418215954886 -0.050797730160205348 0.020939027232178248 -0.00026657689754267308 0.050900975487455091 -0.0052135544851731989 -0.069834213622042729 0.023730003234693004 -0.016157498061571633 -0.0071294222776677454 0.044513035408094544 0.018211390681817586 -0.080169920141711093 -0.028957847950952548 -0.05602108858484578 -0.068798381400419953 -0.0014324488599041982 -0.0031898297479338936
leaf_weight=7.8128838299307963 100.87730683665723 72.116207818733528 14.503861702978609 63.902387113543227 64.2821177567821 100.0538382534869 53.453862615628168 4.1777933598496011 12.156047911616044 18.422620562487282 11.937831528834066 12.709027235396208 16.208118464099243 34.489494992303662 51.667141105048358 11.60353349894285 25.041165958158672 14.358484046533702 5.9119085504207751 44.588191834278405 33.947642933460884 30.661699992371723 106.61475999653339 48.499086985364556 9.0692890589125437 5.9226293286774299 30.706231143791229 10.435112768784164 57.23944613407366 670.80714621872175
leaf_count=2355 353 31944 5749 694 3446 1205 26218 239 1363 13595 1007 894 396 4137 1568 723 192 524 5817 6434 8150 573 287 682 362 81 12697 1371 5713 86731
internal_value=-2.84908e-10 -0.00718358 -0.0248216 0.0236465 -0.00459741 -0.00265599 -0.00700476 0.0188455 -0.000922802 -0.00428599 0.00674815 -0.0184312 0.00259841 -0.0255883 0.0141709 -0.0363993 -0.00280724 -0.0390809 -0.00587523 0.00114527 0.00648836 0.0176265 0.0320912 0.024034 0.00271246 0.035527 -0.0329816 -0.00218075 0.0144946 -0.00419481
internal_weight=1744.18 1337.77 171.068 406.402 1166.71 1067.94 888.277 179.658 79.6045 804.117 135.419 40.855 28.9171 98.7716 55.8449 23.7596 771.336 32.7811 98.9516 84.4477 78.5358 94.5641 270.983 164.368 57.5684 106.8 84.1601 763.523 82.2806 681.242
internal_count=225500 220171 58094 5329 162077 154494 149396 5098 3893 110481 3564 2297 1290 7583 1807 2086 96362 14119 26150 20401 14584 1267 1765 1478 1044 434 38915 94007 5905 88102
is_linear=0
shrinkage=0.05


Tree=20
num_leaves=31
num_cat=0
split_feature=7 10 2 3 10 7 10 2 7 2 8 10 7 7 5 5 3 8 2 10 5 5 1 5 7 7 5 3 8 10
split_gain=23.5695 16.5984 16.0126 15.5906 14.8665 10.6998 12.2943 16.2873 10.6803 10.6887 40.4066 17.8673 18.0722 15.0472 13.5486 19.8085 12.0773 13.657 11.7959 12.0831 12.1249 11.5933 10.8567 11.0982 10.7034 10.6963 11.8842 10.2144 9.9256 9.40885
threshold=5.5000000000000009 18.500000000000004 11.500000000000002 7.5000000000000009 16.500000000000004 27.500000000000004 31.500000000000004 20.500000000000004 6.5000000000000009 11.500000000000002 1.0000000180025095e-35 9.5000000000000018 23.500000000000004 14.500000000000002 5.9030086168981493 7.9776935648148166 1.0000000180025095e-35 4.5000000000000009 7.5000000000000009 13.500000000000002 0.86305405671296309 6.1040008969907413 2.5000000000000004 5.6358887847222237 15.500000000000002 11.500000000000002 1.9970732986111115 5.5000000000000009 13.500000000000002 6.5000000000000009
decision_type=2 2 2 2 2 2 2 2 2 2 2 2 2 2 2 2 2 2 2 2 2 2 2 2 2 2 2 2 2 2
left_child=3 4 -3 -1 8 -4 -7 -8 -2 11 27 12 14 21 22 -16 -12 -18 19 20 -15 -13 23 24 -10 26 29 -11 -9 -24
right_child=1 2 5 -5 -6 6 7 28 9 10 16 13 -14 18 15 -17 17 -19 -20 -21 -22 -23 25 -25 -26 -27 -28 -29 -30 -31
leaf_value=-0.037451514390354324 0.020060738485958934 0.010818070235326879 -0.08230127365552678 0.05048210301596448 -0.028538976769663157 0.0075438322234360478 -0.070973641946990157 -0.019318779218107162 -0.018493719701226475 0.02616154821592874 -0.032254237847723695 0.032787172491868993 -0.064733167925736232 -0.03893186992359781 -0.078631100595595804 -0.014030291925867536 -0.012332094932555278 0.054271837471889128 -0.035592700687294046 0.010508933487567061 -0.0018703275162790006 -0.047937230897979598 0.0057880465719663725 0.040089175712053934 -0.074264653558932039 0.014605935856809844 -0.075014455543189681 -0.078884722512544705 0.041414884533441082 -0.049343166545772393
leaf_weight=58.223727789823897 53.590721927583218 558.12426400987897 4.6833738511195397 5.5184835983673102 54.238087595207617 78.30813964351546 13.470747628947718 37.430114222341217 76.099088028306141 130.93279306869954 58.67424333805684 49.926737707806751 17.382401266368106 30.153194611426443 17.352023804327473 37.534639169229195 35.503277526935562 9.8268567252671328 25.369626123458147 131.67562651319895 82.306517356657423 4.8826931845396748 38.119923805003054 7.1379649564623824 9.6994646526873094 76.452799053280614 7.0331050954991943 2.3557796909008166 8.2012465717270953 9.7102816675323975
leaf_count=17262 5050 75181 355 90 7566 3576 1821 1794 13360 3563 5221 2124 11737 4965 5776 11759 2262 180 2309 14598 13442 941 3139 818 6132 7339 1708 196 135 1101
internal_value=-4.41686e-10 0.00114153 0.00700297 -0.0298387 -0.00310741 -0.00798222 -0.00544919 -0.0226645 -0.00159449 -0.00294687 0.00607927 -0.0063968 -0.0152677 0.00171386 -0.0121874 -0.0344534 -0.0172781 0.00210659 -0.00314303 0.000229012 -0.0118074 0.0255958 -0.00673768 -0.0198149 -0.0247986 0.00251747 -0.014328 0.0243049 -0.00840322 -0.00540445
internal_weight=1729.92 1666.18 700.218 63.7422 965.958 142.094 137.41 59.1021 911.72 858.129 237.293 620.836 296.522 324.314 279.139 54.8867 104.004 45.3301 269.505 244.135 112.46 54.8094 224.253 92.9365 85.7986 131.316 54.8633 133.289 45.6314 47.8302
internal_count=225500 208148 82862 17352 125286 7681 7326 3750 117720 112670 11422 101248 62869 38379 51132 17535 7663 2442 35314 33005 18407 3065 33597 20310 19492 13287 5948 3759 1929 4240
is_linear=0
shrinkage=0.05


Tree=21
num_leaves=31
num_cat=0
split_feature=0 2 0 2 11 8 12 2 0 7 12 8 6 0 0 9 10 12 6 11 2 9 2 3 10 12 12 6 7 10
split_gain=113.348 23.4669 34.3282 31.9339 30.3585 42.1813 21.3485 21.2821 26.6194 20.4754 17.4334 14.5772 19.4442 13.4164 14.0023 16.3338 12.9223 12.5533 12.3995 11.2969 10.8533 10.7756 10.5844 10.2445 9.96105 11.3321 9.84911 9.35445 9.09201 12.3098
threshold=0.15756948292255404 16.500000000000004 0.032129399478435523 3.5000000000000004 0.065591397849462371 2.5000000000000004 1.5991786458333335 23.500000000000004 0.36844493448734289 44.500000000000007 0.071639571759259266 2.5000000000000004 27.500000000000004 0.027164803817868236 0.05597044155001641 1.0000000180025095e-35 2.5000000000000004 0.14698588541666671 61.500000000000007 0.14642857142857144 76.000000000000014 2.5000000000000004 11.500000000000002 1.0000000180025095e-35 41.500000000000007 0.29589002893518523 1.0808043055555558 15.500000000000002 13.500000000000002 10.500000000000002
decision_type=2 2 2 2 2 2 2 2 2 2 2 2 2 2 2 2 2 2 2 2 2 2 2 2 2 2 2 2 2 2
left_child=1 2 4 17 5 16 9 -2 10 -5 27 -6 19 -3 -15 -16 22 -4 28 -13 -10 -20 -1 -19 25 -22 -25 -9 -18 -30
right_child=7 13 3 6 11 -7 -8 8 20 -11 -12 12 -14 14 15 -17 18 23 21 -21 24 -23 -24 26 -26 -27 -28 -29 29 -31
leaf_value=-0.067281436131455444 0.032992818659648336 0.030022937815523506 0.033254087411985642 0.0064873961588757705 -0.053704241560122649 -0.038942118071230068 -0.054471410858277447 0.053737233425223588 0.035766816229205398 -0.04074117806585105 -0.036786820464108548 0.02034254088457798 -0.066230334791727727 -0.078295436898980358 -0.010857488728932092 -0.05469820103463429 0.0087174717496281522 0.015196229484105492 -0.057528036217832271 -0.069595143950366797 0.020981133774571208 0.077940427715048222 0.04760460362967333 -0.079247147117443989 -0.094432113219347497 -0.069160073862330418 0.010510843504334594 -0.013455392027881333 -0.02283350202362051 -0.00051637990404294334
leaf_weight=12.44182244222611 235.48788771755062 9.0901347713079286 111.70277977222577 153.75092733022757 55.358509042300284 91.342683252645656 20.441642168909311 10.307519368827345 71.143001050688326 26.975324439117685 38.983754477463663 25.145043749827895 12.712792966980485 14.865777173661625 61.250015673460439 32.529205937171355 189.14835825690534 52.103041379945353 14.948147985036485 4.0545393184293053 26.111081405077133 1.6277711670845754 2.3898937436752012 6.291539987549184 2.5255278639961025 4.0239339128602287 5.9434210071340203 10.412300110794602 75.062707222183235 349.43203718937002
leaf_count=12356 1393 1827 1313 5357 24188 48205 2898 45 347 2855 2021 5187 10587 1968 3448 3586 17880 1205 9449 3306 329 40 251 477 97 734 396 363 22841 40551
internal_value=-1.18269e-09 -0.00701842 -0.00494636 0.00756923 -0.0106093 -0.00714152 -0.00603997 0.0233705 0.00951225 -0.000561973 -0.0170893 -0.0368622 -0.014617 -0.028329 -0.0332112 -0.0260645 -0.00263838 0.0231209 -0.00155273 0.00785415 0.0248124 -0.0442249 -0.0487694 0.00552789 0.000950798 0.00894456 -0.0356451 0.019971 -0.000400051 -0.00446268
internal_weight=1727.6 1328.61 1210.87 377.209 833.664 736.393 201.168 398.995 163.507 180.726 59.7036 97.2709 41.9124 117.735 108.645 93.7792 645.051 176.041 630.219 29.1996 103.804 16.5759 14.8317 64.338 32.6605 30.135 12.235 20.7198 613.643 424.495
internal_count=225500 220171 209342 14501 194841 151573 11110 5329 3936 8212 2429 43268 19080 10829 9002 7034 103368 3391 90761 8493 1507 9489 12607 2078 1160 1063 873 408 81272 63392
is_linear=0
shrinkage=0.05


Tree=22
num_leaves=31
num_cat=0
split_feature=12 5 11 5 10 6 12 12 7 1 6 12 6 5 12 10 1 8 8 1 6 5 12 11 11 12 11 11 6 5
split_gain=52.1334 94.1167 13.7955 10.8247 29.4549 13.7171 14.3417 12.0417 14.4153 12.74 9.5428 9.35145 9.4735 21.5569 9.14552 9.53271 13.6194 12.858 12.2521 14.2209 9.83369 11.3723 9.01228 8.96886 8.40823 9.92963 11.2373 8.75744 8.36609 8.32828
threshold=0.73342309027777797 0.73594372106481487 0.075046904315197019 0.73594372106481487 9.5000000000000018 48.500000000000007 0.0077650694444444451 0.15115021990740743 10.500000000000002 7.5000000000000009 46.500000000000007 10.715008819444446 33.500000000000007 5.0018710300925937 0.0050511226851851863 31.500000000000004 7.5000000000000009 6.5000000000000009 18.500000000000004 182.50000000000003 75.500000000000014 0.13774354166666669 3.9288842939814823 0.10940170940170942 0.026144907723855096 0.10692970486111113 0.033908045977011504 0.079473684210526321 29.500000000000004 0.0055754398148148152
decision_type=2 2 2 2 2 2 2 2 2 2 2 2 2 2 2 2 2 2 2 2 2 2 2 2 2 2 2 2 2 2
left_child=3 -2 11 14 7 10 -7 -5 -9 -10 24 12 -3 -14 -1 17 20 29 19 -18 21 -17 23 -4 -6 27 -27 -26 -29 -16
right_child=1 2 22 4 5 6 -8 8 9 -11 -12 -13 13 -15 15 16 18 -19 -20 -21 -22 -23 -24 -25 25 26 -28 28 -30 -31
leaf_value=0.037696406655581327 -0.050650037319569553 0.0058259735364673704 -0.043575863116188426 -0.054820148647410888 0.004454453568356961 -0.056006823637959204 0.017482705328175977 0.012346664806475663 -0.080730289964061397 -0.0037297221044820441 -0.076118188454195615 -0.069671078485619528 -0.053857443766944568 0.0096388147812463132 -0.01575887078392979 0.010270537752536517 -0.047020392186753766 -0.077629175487316557 0.042710059754475727 0.045148337994050602 0.02502197477848719 -0.061760083940067018 -0.061940481201616673 0.0052626089165544263 -0.067729223514799791 -0.08537533218197263 0.0060135158865988279 0.021657621266548265 -0.085297129247240505 0.01517242805519774
leaf_weight=30.218380269478075 125.3527097015758 326.60630833439063 15.401463661575688 26.976892825914547 203.73553989967331 6.8584735251497468 207.27036704379134 25.68271847628057 11.005549593013713 10.493943839101119 4.2474232299718997 4.5304219792596987 22.7684670741437 32.371428447426297 22.969402524176985 15.645141143817456 33.471208785660565 3.9013455423992118 5.7624181807041159 4.7831049538217476 42.577836970216595 8.4334493710193765 12.86921029165387 24.126696670195088 13.809993320377545 3.6771985152736297 39.451420772704296 7.1731555177830142 2.4538131891749799 413.99947704444639
leaf_count=817 29613 43629 6417 9573 16508 2045 30190 2147 6392 780 1409 2524 8113 8912 1265 1366 2352 508 103 59 3586 1590 9856 4973 4535 770 5566 669 692 18541
internal_value=6.55646e-10 -0.0124417 -0.00152358 0.00613095 0.00118748 0.00564331 0.0151289 -0.0281746 -0.0129397 -0.0431462 -0.00175476 0.0017421 0.0025896 -0.0165802 0.0109136 0.00944621 -0.00367345 0.0127397 -0.0252578 -0.0354961 0.0105799 -0.014958 -0.0255984 -0.0137665 -0.000586234 -0.0160141 -0.00177841 -0.0422107 -0.00560402 0.0135465
internal_weight=1708.62 564.027 438.674 1144.6 562.836 488.677 214.129 74.1591 47.1822 21.4995 274.549 386.277 381.746 55.1399 581.762 551.543 110.673 440.87 44.0167 38.2543 66.6564 24.0786 52.3974 39.5282 270.301 66.5656 43.1286 23.437 9.62697 436.969
internal_count=225500 114037 84424 111463 81276 62384 32235 18892 9319 7172 30149 63178 60654 17025 30187 29370 9056 20314 2514 2411 6542 2956 21246 11390 28740 12232 6336 5896 1361 19806
is_linear=0
shrinkage=0.05


Tree=23
num_leaves=31
num_cat=0
split_feature=0 1 0 1 0 1 9 12 6 12 6 7 10 1 0 10 6 0 0 10 1 12 11 7 12 0 12 10 0 6
split_gain=109.457 21.5111 24.5628 20.7224 33.1317 27.4136 23.6769 20.4789 20.0766 19.1239 16.7318 16.2878 13.8467 13.54 12.4316 13.3465 12.0423 22.2432 14.806 14.083 11.5947 10.0377 10.0252 9.72897 9.70882 9.67784 14.253 12.5813 9.98341 12.5893
threshold=0.15756948292255404 20.500000000000004 0.36844493448734289 16.500000000000004 0.045020502060651786 6.5000000000000009 1.5000000000000002 0.83188092013888892 22.500000000000004 0.99088382523148166 46.500000000000007 11.500000000000002 2.5000000000000004 2.5000000000000004 0.023175462149083618 11.500000000000002 54.500000000000007 0.030859944410622123 0.040759989991784103 32.500000000000007 105.00000000000001 0.024490515046296301 0.03478523895946764 51.500000000000007 0.77898211805555573 0.0019386638887226584 3.775344456018519 19.500000000000004 0.032129399478435523 40.500000000000007
decision_type=2 2 2 2 2 2 2 2 2 2 2 2 2 2 2 2 2 2 2 2 2 2 2 2 2 2 2 2 2 2
left_child=3 -2 8 4 6 -6 12 10 9 -3 24 -5 -1 14 22 -16 18 -18 21 -20 -4 -14 -8 25 -7 27 28 -23 29 -27
right_child=1 2 20 11 5 7 13 -9 -10 -11 -12 -13 16 -15 15 -17 17 -19 19 -21 -22 23 -24 -25 -26 26 -28 -29 -30 -31
leaf_value=-0.046811792067958734 0.034932872170230216 0.027465116011618013 0.034510229732311812 -0.0021210428247408811 0.024234191559132603 0.0038405584837965159 0.015719689593471611 -0.052413916305975305 -0.039356282405660421 -0.066946762005766755 -0.064485898395268956 -0.040277397462427755 0.014829117594819297 -0.062746135429369576 0.06177585657216203 -0.047777508100624526 -0.050705095720307874 0.011695714489008614 -0.081069563793752686 0.061444308905285683 -0.001059024311580277 0.013745213922482478 -0.045597317251006034 0.0701562203110178 0.0608694735315123 -0.0059317244717599022 -0.036383666338235025 -0.038295883015114496 0.012869245415028053 -0.03541795896834634
leaf_weight=21.027108442096505 195.70442146807909 34.265977230854332 89.802459051832557 43.614771372056566 154.8185880582314 52.70146840531379 8.3554978650063259 21.935089495382272 34.074417697032914 6.359068044461309 8.1127881713910011 77.962756994995289 70.324915549717844 28.422565142100211 8.0710587764624488 4.2408351867925367 37.857307291473262 22.931377590633929 10.576495301211251 2.0733061339706174 30.758656142279506 101.67091030883603 32.969114815699868 4.2803605236113063 8.6942421924322826 433.24604949203786 41.341336740704719 13.111514347139744 62.491366906790063 39.500000628293492
leaf_count=16808 1051 420 450 3037 3196 1595 3223 2339 1636 649 1145 8743 5201 15006 101 402 25440 740 851 17 1123 51761 26492 18 88 27293 9283 11637 1746 4009
internal_value=-2.53264e-10 0.0232179 0.0114764 -0.00692757 -0.00491671 0.0114133 -0.00918355 -0.0102932 -0.0110529 0.0126868 0.00299901 -0.0265892 -0.00673619 -0.0348454 -0.0200605 0.0240402 -0.00573229 -0.0271656 -0.00405894 -0.0577115 0.0254355 -0.00317288 -0.0331995 -0.00499276 0.0119164 -0.00545803 -0.00809749 0.0078006 -0.00591268 -0.00839543
internal_weight=1701.3 390.965 195.261 1310.33 1188.75 246.262 942.491 91.4436 74.6995 40.625 69.5085 121.578 860.432 82.0591 53.6365 12.3119 839.405 60.7887 778.616 12.6498 120.561 765.966 41.3246 695.642 61.3957 691.361 576.579 114.782 535.237 472.746
internal_count=225500 5329 4278 220171 208391 8363 200028 5167 2705 1069 2828 11780 154804 45224 30218 503 137996 26180 111816 868 1573 110948 29715 105747 1683 105729 42331 63398 33048 31302
is_linear=0
shrinkage=0.05


end of trees

feature_importances:
retrieval_score=116
item_days_since_last_event=112
user_days_since_last_event=76
item_total_events=72
item_views=64
item_unique_users=63
user_total_events=58
user_views=46
item_conversion_rate=43
item_cart_adds=31
item_transactions=14
user_cart_adds=12
category_id=8
user_transactions=5

parameters:
[boosting: gbdt]
[objective: lambdarank]
[metric: ndcg]
[tree_learner: serial]
[device_type: cpu]
[data_sample_strategy: bagging]
[data: ]
[valid: ]
[num_iterations: 150]
[learning_rate: 0.05]
[num_leaves: 31]
[num_threads: 0]
[seed: 42]
[deterministic: 0]
[force_col_wise: 0]
[force_row_wise: 0]
[histogram_pool_size: -1]
[max_depth: -1]
[min_data_in_leaf: 20]
[min_sum_hessian_in_leaf: 0.001]
[bagging_fraction: 1]
[pos_bagging_fraction: 1]
[neg_bagging_fraction: 1]
[bagging_freq: 0]
[bagging_seed: 400]
[bagging_by_query: 0]
[feature_fraction: 0.8]
[feature_fraction_bynode: 1]
[feature_fraction_seed: 30056]
[extra_trees: 0]
[extra_seed: 12879]
[early_stopping_round: 0]
[early_stopping_min_delta: 0]
[first_metric_only: 0]
[max_delta_step: 0]
[lambda_l1: 0]
[lambda_l2: 0]
[linear_lambda: 0]
[min_gain_to_split: 0]
[drop_rate: 0.1]
[max_drop: 50]
[skip_drop: 0.5]
[xgboost_dart_mode: 0]
[uniform_drop: 0]
[drop_seed: 17869]
[top_rate: 0.2]
[other_rate: 0.1]
[min_data_per_group: 100]
[max_cat_threshold: 32]
[cat_l2: 10]
[cat_smooth: 10]
[max_cat_to_onehot: 4]
[top_k: 20]
[monotone_constraints: ]
[monotone_constraints_method: basic]
[monotone_penalty: 0]
[feature_contri: ]
[forcedsplits_filename: ]
[refit_decay_rate: 0.9]
[cegb_tradeoff: 1]
[cegb_penalty_split: 0]
[cegb_penalty_feature_lazy: ]
[cegb_penalty_feature_coupled: ]
[path_smooth: 0]
[interaction_constraints: ]
[verbosity: -1]
[saved_feature_importance_type: 0]
[use_quantized_grad: 0]
[num_grad_quant_bins: 4]
[quant_train_renew_leaf: 0]
[stochastic_rounding: 1]
[linear_tree: 0]
[max_bin: 255]
[max_bin_by_feature: ]
[min_data_in_bin: 3]
[bin_construct_sample_cnt: 200000]
[data_random_seed: 175]
[is_enable_sparse: 1]
[enable_bundle: 1]
[use_missing: 1]
[zero_as_missing: 0]
[feature_pre_filter: 1]
[pre_partition: 0]
[two_round: 0]
[header: 0]
[label_column: ]
[weight_column: ]
[group_column: ]
[ignore_column: ]
[categorical_feature: ]
[forcedbins_filename: ]
[precise_float_parser: 0]
[parser_config_file: ]
[objective_seed: 16083]
[num_class: 1]
[is_unbalance: 0]
[scale_pos_weight: 1]
[sigmoid: 1]
[boost_from_average: 1]
[reg_sqrt: 0]
[alpha: 0.9]
[fair_c: 1]
[poisson_max_delta_step: 0.7]
[tweedie_variance_power: 1.5]
[lambdarank_truncation_level: 30]
[lambdarank_norm: 1]
[label_gain: ]
[lambdarank_position_bias_regularization: 0]
[eval_at: 5,10,20]
[multi_error_top_k: 1]
[auc_mu_weights: ]
[num_machines: 1]
[local_listen_port: 12400]
[time_out: 120]
[machine_list_filename: ]
[machines: ]
[gpu_platform_id: -1]
[gpu_device_id: -1]
[gpu_use_dp: 0]
[num_gpu: 1]

end of parameters

pandas_categorical:[]
